date,option_name,underlying_name,close,fclose,strike,expiry,iv,option_type,timeframe
2025-11-20 11:51:00,MCX:SILVER25NOV155500CE,MCX:SILVER25DECFUT,3080.5000,155833,155500,2025-11-26 23:20:00,35.2532,c,1
2025-11-20 11:52:00,MCX:SILVER25NOV155500CE,MCX:SILVER25DECFUT,3080.5000,155897,155500,2025-11-26 23:20:00,34.8451,c,1
2025-11-20 11:53:00,MCX:SILVER25NOV155500CE,MCX:SILVER25DECFUT,3080.5000,155897,155500,2025-11-26 23:20:00,34.8469,c,1
2025-11-20 11:54:00,MCX:SILVER25NOV155500CE,MCX:SILVER25DECFUT,3080.5000,155827,155500,2025-11-26 23:20:00,35.2972,c,1
2025-11-20 11:55:00,MCX:SILVER25NOV155500CE,MCX:SILVER25DECFUT,3080.5000,155752,155500,2025-11-26 23:20:00,35.7758,c,1
2025-11-20 11:56:00,MCX:SILVER25NOV155500CE,MCX:SILVER25DECFUT,3080.5000,155646,155500,2025-11-26 23:20:00,36.4450,c,1
2025-11-20 11:57:00,MCX:SILVER25NOV155500CE,MCX:SILVER25DECFUT,3080.5000,155651,155500,2025-11-26 23:20:00,36.4157,c,1
2025-11-20 11:58:00,MCX:SILVER25NOV155500CE,MCX:SILVER25DECFUT,3080.5000,155700,155500,2025-11-26 23:20:00,36.1098,c,1
2025-11-20 11:59:00,MCX:SILVER25NOV155500CE,MCX:SILVER25DECFUT,3080.5000,155700,155500,2025-11-26 23:20:00,36.1118,c,1
2025-11-20 12:00:00,MCX:SILVER25NOV155500CE,MCX:SILVER25DECFUT,3080.5000,155881,155500,2025-11-26 23:20:00,34.9628,c,1
2025-11-20 12:01:00,MCX:SILVER25NOV155500CE,MCX:SILVER25DECFUT,3080.5000,155918,155500,2025-11-26 23:20:00,34.7266,c,1
2025-11-20 12:02:00,MCX:SILVER25NOV155500CE,MCX:SILVER25DECFUT,3080.5000,155732,155500,2025-11-26 23:20:00,35.9157,c,1
2025-11-20 12:03:00,MCX:SILVER25NOV155500CE,MCX:SILVER25DECFUT,3080.5000,155737,155500,2025-11-26 23:20:00,35.8860,c,1
2025-11-20 12:04:00,MCX:SILVER25NOV155500CE,MCX:SILVER25DECFUT,3080.5000,155551,155500,2025-11-26 23:20:00,37.0530,c,1
2025-11-20 12:05:00,MCX:SILVER25NOV155500CE,MCX:SILVER25DECFUT,3080.5000,155659,155500,2025-11-26 23:20:00,36.3811,c,1
2025-11-20 12:06:00,MCX:SILVER25NOV155500CE,MCX:SILVER25DECFUT,3080.5000,155827,155500,2025-11-26 23:20:00,35.3198,c,1
2025-11-20 12:07:00,MCX:SILVER25NOV155500CE,MCX:SILVER25DECFUT,3080.5000,155831,155500,2025-11-26 23:20:00,35.2962,c,1
2025-11-20 12:08:00,MCX:SILVER25NOV155500CE,MCX:SILVER25DECFUT,3080.5000,155771,155500,2025-11-26 23:20:00,35.6801,c,1
2025-11-20 12:09:00,MCX:SILVER25NOV155500CE,MCX:SILVER25DECFUT,3080.5000,155811,155500,2025-11-26 23:20:00,35.4276,c,1
2025-11-20 12:10:00,MCX:SILVER25NOV155500CE,MCX:SILVER25DECFUT,3080.5000,155929,155500,2025-11-26 23:20:00,34.6723,c,1
2025-11-20 12:11:00,MCX:SILVER25NOV155500CE,MCX:SILVER25DECFUT,3080.5000,156076,155500,2025-11-26 23:20:00,33.7163,c,1
2025-11-20 12:12:00,MCX:SILVER25NOV155500CE,MCX:SILVER25DECFUT,3080.5000,155820,155500,2025-11-26 23:20:00,35.3759,c,1
2025-11-20 12:13:00,MCX:SILVER25NOV155500CE,MCX:SILVER25DECFUT,3080.5000,155871,155500,2025-11-26 23:20:00,35.0513,c,1
2025-11-20 12:14:00,MCX:SILVER25NOV155500CE,MCX:SILVER25DECFUT,3080.5000,155788,155500,2025-11-26 23:20:00,35.5836,c,1
2025-11-20 12:15:00,MCX:SILVER25NOV155500CE,MCX:SILVER25DECFUT,3080.5000,155650,155500,2025-11-26 23:20:00,36.4570,c,1
2025-11-20 12:16:00,MCX:SILVER25NOV155500CE,MCX:SILVER25DECFUT,3080.5000,155695,155500,2025-11-26 23:20:00,36.1761,c,1
2025-11-20 12:17:00,MCX:SILVER25NOV155500CE,MCX:SILVER25DECFUT,3080.5000,155662,155500,2025-11-26 23:20:00,36.3856,c,1
2025-11-20 12:18:00,MCX:SILVER25NOV155500CE,MCX:SILVER25DECFUT,3080.5000,155582,155500,2025-11-26 23:20:00,36.8879,c,1
2025-11-20 12:19:00,MCX:SILVER25NOV155500CE,MCX:SILVER25DECFUT,3080.5000,155490,155500,2025-11-26 23:20:00,37.4605,c,1
2025-11-20 12:20:00,MCX:SILVER25NOV155500CE,MCX:SILVER25DECFUT,3080.5000,155372,155500,2025-11-26 23:20:00,38.1873,c,1
2025-11-20 12:21:00,MCX:SILVER25NOV155500CE,MCX:SILVER25DECFUT,3080.5000,155430,155500,2025-11-26 23:20:00,37.8340,c,1
2025-11-20 12:22:00,MCX:SILVER25NOV155500CE,MCX:SILVER25DECFUT,3080.5000,155382,155500,2025-11-26 23:20:00,38.1302,c,1
2025-11-20 12:23:00,MCX:SILVER25NOV155500CE,MCX:SILVER25DECFUT,3080.5000,155490,155500,2025-11-26 23:20:00,37.4685,c,1
2025-11-20 12:24:00,MCX:SILVER25NOV155500CE,MCX:SILVER25DECFUT,3080.5000,155454,155500,2025-11-26 23:20:00,37.6925,c,1
2025-11-20 12:25:00,MCX:SILVER25NOV155500CE,MCX:SILVER25DECFUT,3080.5000,155433,155500,2025-11-26 23:20:00,37.8237,c,1
2025-11-20 12:26:00,MCX:SILVER25NOV155500CE,MCX:SILVER25DECFUT,3080.5000,155567,155500,2025-11-26 23:20:00,36.9972,c,1
2025-11-20 12:27:00,MCX:SILVER25NOV155500CE,MCX:SILVER25DECFUT,3080.5000,155657,155500,2025-11-26 23:20:00,36.4365,c,1
2025-11-20 12:28:00,MCX:SILVER25NOV155500CE,MCX:SILVER25DECFUT,3080.5000,155725,155500,2025-11-26 23:20:00,36.0100,c,1
2025-11-20 12:29:00,MCX:SILVER25NOV155500CE,MCX:SILVER25DECFUT,3080.5000,155702,155500,2025-11-26 23:20:00,36.1572,c,1
2025-11-20 12:30:00,MCX:SILVER25NOV155500CE,MCX:SILVER25DECFUT,3080.5000,155525,155500,2025-11-26 23:20:00,37.2660,c,1
2025-11-20 12:31:00,MCX:SILVER25NOV155500CE,MCX:SILVER25DECFUT,3080.5000,155639,155500,2025-11-26 23:20:00,36.5573,c,1
2025-11-20 12:32:00,MCX:SILVER25NOV155500CE,MCX:SILVER25DECFUT,3080.5000,155632,155500,2025-11-26 23:20:00,36.6031,c,1
2025-11-20 12:33:00,MCX:SILVER25NOV155500CE,MCX:SILVER25DECFUT,3080.5000,155776,155500,2025-11-26 23:20:00,35.6962,c,1
2025-11-20 12:34:00,MCX:SILVER25NOV155500CE,MCX:SILVER25DECFUT,3080.5000,155765,155500,2025-11-26 23:20:00,35.7680,c,1
2025-11-20 12:35:00,MCX:SILVER25NOV155500CE,MCX:SILVER25DECFUT,3080.5000,155775,155500,2025-11-26 23:20:00,35.7064,c,1
2025-11-20 12:36:00,MCX:SILVER25NOV155500CE,MCX:SILVER25DECFUT,3080.5000,155895,155500,2025-11-26 23:20:00,34.9401,c,1
2025-11-20 12:37:00,MCX:SILVER25NOV155500CE,MCX:SILVER25DECFUT,3080.5000,156000,155500,2025-11-26 23:20:00,34.2613,c,1
2025-11-20 12:38:00,MCX:SILVER25NOV155500CE,MCX:SILVER25DECFUT,3080.5000,155941,155500,2025-11-26 23:20:00,34.6466,c,1
2025-11-20 12:39:00,MCX:SILVER25NOV155500CE,MCX:SILVER25DECFUT,3080.5000,156049,155500,2025-11-26 23:20:00,33.9443,c,1
2025-11-20 12:40:00,MCX:SILVER25NOV155500CE,MCX:SILVER25DECFUT,3080.5000,156100,155500,2025-11-26 23:20:00,33.6104,c,1
2025-11-20 12:41:00,MCX:SILVER25NOV155500CE,MCX:SILVER25DECFUT,3080.5000,156118,155500,2025-11-26 23:20:00,33.4932,c,1
2025-11-20 12:42:00,MCX:SILVER25NOV155500CE,MCX:SILVER25DECFUT,3080.5000,156023,155500,2025-11-26 23:20:00,34.1202,c,1
2025-11-20 12:43:00,MCX:SILVER25NOV155500CE,MCX:SILVER25DECFUT,3080.5000,156012,155500,2025-11-26 23:20:00,34.1939,c,1
2025-11-20 12:44:00,MCX:SILVER25NOV155500CE,MCX:SILVER25DECFUT,3080.5000,156032,155500,2025-11-26 23:20:00,34.0649,c,1
2025-11-20 12:45:00,MCX:SILVER25NOV155500CE,MCX:SILVER25DECFUT,3080.5000,155888,155500,2025-11-26 23:20:00,35.0021,c,1
2025-11-20 12:46:00,MCX:SILVER25NOV155500CE,MCX:SILVER25DECFUT,3080.5000,155920,155500,2025-11-26 23:20:00,34.7975,c,1
2025-11-20 12:47:00,MCX:SILVER25NOV155500CE,MCX:SILVER25DECFUT,3080.5000,155740,155500,2025-11-26 23:20:00,35.9517,c,1
2025-11-20 12:48:00,MCX:SILVER25NOV155500CE,MCX:SILVER25DECFUT,3080.5000,155876,155500,2025-11-26 23:20:00,35.0850,c,1
2025-11-20 12:49:00,MCX:SILVER25NOV155500CE,MCX:SILVER25DECFUT,3080.5000,155841,155500,2025-11-26 23:20:00,35.3117,c,1
2025-11-20 12:50:00,MCX:SILVER25NOV155500CE,MCX:SILVER25DECFUT,3080.5000,155755,155500,2025-11-26 23:20:00,35.8623,c,1
2025-11-20 12:51:00,MCX:SILVER25NOV155500CE,MCX:SILVER25DECFUT,3080.5000,155745,155500,2025-11-26 23:20:00,35.9277,c,1
2025-11-20 12:52:00,MCX:SILVER25NOV155500CE,MCX:SILVER25DECFUT,3080.5000,155677,155500,2025-11-26 23:20:00,36.3596,c,1
2025-11-20 12:53:00,MCX:SILVER25NOV155500CE,MCX:SILVER25DECFUT,3080.5000,155588,155500,2025-11-26 23:20:00,36.9198,c,1
2025-11-20 12:54:00,MCX:SILVER25NOV155500CE,MCX:SILVER25DECFUT,3080.5000,155690,155500,2025-11-26 23:20:00,36.2815,c,1
2025-11-20 12:55:00,MCX:SILVER25NOV155500CE,MCX:SILVER25DECFUT,3080.5000,155647,155500,2025-11-26 23:20:00,36.5542,c,1
2025-11-20 12:56:00,MCX:SILVER25NOV155500CE,MCX:SILVER25DECFUT,3080.5000,155723,155500,2025-11-26 23:20:00,36.0768,c,1
2025-11-20 12:57:00,MCX:SILVER25NOV155500CE,MCX:SILVER25DECFUT,3080.5000,155770,155500,2025-11-26 23:20:00,35.7804,c,1
2025-11-20 12:58:00,MCX:SILVER25NOV155500CE,MCX:SILVER25DECFUT,3080.5000,155808,155500,2025-11-26 23:20:00,35.5400,c,1
2025-11-20 12:59:00,MCX:SILVER25NOV155500CE,MCX:SILVER25DECFUT,3080.5000,155622,155500,2025-11-26 23:20:00,36.7190,c,1
2025-11-20 13:00:00,MCX:SILVER25NOV155500CE,MCX:SILVER25DECFUT,3080.5000,155769,155500,2025-11-26 23:20:00,35.7925,c,1
2025-11-20 13:01:00,MCX:SILVER25NOV155500CE,MCX:SILVER25DECFUT,3080.5000,155827,155500,2025-11-26 23:20:00,35.4242,c,1
2025-11-20 13:02:00,MCX:SILVER25NOV155500CE,MCX:SILVER25DECFUT,3080.5000,155779,155500,2025-11-26 23:20:00,35.7327,c,1
2025-11-20 13:03:00,MCX:SILVER25NOV155500CE,MCX:SILVER25DECFUT,3080.5000,155788,155500,2025-11-26 23:20:00,35.6773,c,1
2025-11-20 13:04:00,MCX:SILVER25NOV155500CE,MCX:SILVER25DECFUT,3080.5000,155785,155500,2025-11-26 23:20:00,35.6983,c,1
2025-11-20 13:05:00,MCX:SILVER25NOV155500CE,MCX:SILVER25DECFUT,3080.5000,155820,155500,2025-11-26 23:20:00,35.4766,c,1
2025-11-20 13:06:00,MCX:SILVER25NOV155500CE,MCX:SILVER25DECFUT,3080.5000,155722,155500,2025-11-26 23:20:00,36.1026,c,1
2025-11-20 13:07:00,MCX:SILVER25NOV155500CE,MCX:SILVER25DECFUT,3080.5000,155711,155500,2025-11-26 23:20:00,36.1742,c,1
2025-11-20 13:08:00,MCX:SILVER25NOV155500CE,MCX:SILVER25DECFUT,3080.5000,155670,155500,2025-11-26 23:20:00,36.4350,c,1
2025-11-20 13:09:00,MCX:SILVER25NOV155500CE,MCX:SILVER25DECFUT,3080.5000,155645,155500,2025-11-26 23:20:00,36.5943,c,1
2025-11-20 13:10:00,MCX:SILVER25NOV155500CE,MCX:SILVER25DECFUT,3080.5000,155666,155500,2025-11-26 23:20:00,36.4641,c,1
2025-11-20 13:11:00,MCX:SILVER25NOV155500CE,MCX:SILVER25DECFUT,3080.5000,155570,155500,2025-11-26 23:20:00,37.0680,c,1
2025-11-20 13:12:00,MCX:SILVER25NOV155500CE,MCX:SILVER25DECFUT,3080.5000,155480,155500,2025-11-26 23:20:00,37.6292,c,1
2025-11-20 13:13:00,MCX:SILVER25NOV155500CE,MCX:SILVER25DECFUT,3080.5000,155491,155500,2025-11-26 23:20:00,37.5632,c,1
2025-11-20 13:14:00,MCX:SILVER25NOV155500CE,MCX:SILVER25DECFUT,3080.5000,155439,155500,2025-11-26 23:20:00,37.8865,c,1
2025-11-20 13:15:00,MCX:SILVER25NOV155500CE,MCX:SILVER25DECFUT,3080.5000,155148,155500,2025-11-26 23:20:00,39.6594,c,1
2025-11-20 13:16:00,MCX:SILVER25NOV155500CE,MCX:SILVER25DECFUT,3080.5000,155263,155500,2025-11-26 23:20:00,38.9670,c,1
2025-11-20 13:17:00,MCX:SILVER25NOV155500CE,MCX:SILVER25DECFUT,3080.5000,155387,155500,2025-11-26 23:20:00,38.2124,c,1
2025-11-20 13:18:00,MCX:SILVER25NOV155500CE,MCX:SILVER25DECFUT,3080.5000,155296,155500,2025-11-26 23:20:00,38.7707,c,1
2025-11-20 13:19:00,MCX:SILVER25NOV155500CE,MCX:SILVER25DECFUT,3080.5000,155296,155500,2025-11-26 23:20:00,38.7727,c,1
2025-11-20 13:20:00,MCX:SILVER25NOV155500CE,MCX:SILVER25DECFUT,3080.5000,155384,155500,2025-11-26 23:20:00,38.2370,c,1
2025-11-20 13:21:00,MCX:SILVER25NOV155500CE,MCX:SILVER25DECFUT,3080.5000,155320,155500,2025-11-26 23:20:00,38.6307,c,1
2025-11-20 13:22:00,MCX:SILVER25NOV155500CE,MCX:SILVER25DECFUT,3080.5000,155308,155500,2025-11-26 23:20:00,38.7059,c,1
2025-11-20 13:23:00,MCX:SILVER25NOV155500CE,MCX:SILVER25DECFUT,3080.5000,155308,155500,2025-11-26 23:20:00,38.7080,c,1
2025-11-20 13:24:00,MCX:SILVER25NOV155500CE,MCX:SILVER25DECFUT,3080.5000,155308,155500,2025-11-26 23:20:00,38.7101,c,1
2025-11-20 13:25:00,MCX:SILVER25NOV155500CE,MCX:SILVER25DECFUT,3080.5000,155200,155500,2025-11-26 23:20:00,39.3675,c,1
2025-11-20 13:26:00,MCX:SILVER25NOV155500CE,MCX:SILVER25DECFUT,3080.5000,155227,155500,2025-11-26 23:20:00,39.2063,c,1
2025-11-20 13:27:00,MCX:SILVER25NOV155500CE,MCX:SILVER25DECFUT,3080.5000,155193,155500,2025-11-26 23:20:00,39.4140,c,1
2025-11-20 13:28:00,MCX:SILVER25NOV155500CE,MCX:SILVER25DECFUT,3080.5000,155096,155500,2025-11-26 23:20:00,39.9994,c,1
2025-11-20 13:29:00,MCX:SILVER25NOV155500CE,MCX:SILVER25DECFUT,3080.5000,155150,155500,2025-11-26 23:20:00,39.6774,c,1
2025-11-20 13:30:00,MCX:SILVER25NOV155500CE,MCX:SILVER25DECFUT,3080.5000,155100,155500,2025-11-26 23:20:00,39.9797,c,1
2025-11-20 13:31:00,MCX:SILVER25NOV155500CE,MCX:SILVER25DECFUT,3080.5000,155007,155500,2025-11-26 23:20:00,40.5371,c,1
2025-11-20 13:32:00,MCX:SILVER25NOV155500CE,MCX:SILVER25DECFUT,3080.5000,155007,155500,2025-11-26 23:20:00,40.5392,c,1
2025-11-20 13:33:00,MCX:SILVER25NOV155500CE,MCX:SILVER25DECFUT,3080.5000,154893,155500,2025-11-26 23:20:00,41.2166,c,1
2025-11-20 13:34:00,MCX:SILVER25NOV155500CE,MCX:SILVER25DECFUT,3080.5000,154855,155500,2025-11-26 23:20:00,41.4426,c,1
2025-11-20 13:35:00,MCX:SILVER25NOV155500CE,MCX:SILVER25DECFUT,3080.5000,155100,155500,2025-11-26 23:20:00,39.9905,c,1
2025-11-20 13:36:00,MCX:SILVER25NOV155500CE,MCX:SILVER25DECFUT,3080.5000,155108,155500,2025-11-26 23:20:00,39.9447,c,1
2025-11-20 13:37:00,MCX:SILVER25NOV155500CE,MCX:SILVER25DECFUT,3080.5000,155011,155500,2025-11-26 23:20:00,40.5264,c,1
2025-11-20 13:38:00,MCX:SILVER25NOV155500CE,MCX:SILVER25DECFUT,3080.5000,154811,155500,2025-11-26 23:20:00,41.7099,c,1
2025-11-20 13:39:00,MCX:SILVER25NOV155500CE,MCX:SILVER25DECFUT,3080.5000,154891,155500,2025-11-26 23:20:00,41.2418,c,1
2025-11-20 13:40:00,MCX:SILVER25NOV155500CE,MCX:SILVER25DECFUT,3080.5000,154909,155500,2025-11-26 23:20:00,41.1378,c,1
2025-11-20 13:41:00,MCX:SILVER25NOV155500CE,MCX:SILVER25DECFUT,3080.5000,154871,155500,2025-11-26 23:20:00,41.3641,c,1
2025-11-20 13:42:00,MCX:SILVER25NOV155500CE,MCX:SILVER25DECFUT,3080.5000,154560,155500,2025-11-26 23:20:00,43.1779,c,1
2025-11-20 13:43:00,MCX:SILVER25NOV155500CE,MCX:SILVER25DECFUT,3080.5000,154661,155500,2025-11-26 23:20:00,42.5962,c,1
2025-11-20 13:44:00,MCX:SILVER25NOV155500CE,MCX:SILVER25DECFUT,3080.5000,154686,155500,2025-11-26 23:20:00,42.4533,c,1
2025-11-20 13:45:00,MCX:SILVER25NOV155500CE,MCX:SILVER25DECFUT,3080.5000,154649,155500,2025-11-26 23:20:00,42.6704,c,1
2025-11-20 13:46:00,MCX:SILVER25NOV155500CE,MCX:SILVER25DECFUT,3080.5000,154674,155500,2025-11-26 23:20:00,42.5276,c,1
2025-11-20 13:47:00,MCX:SILVER25NOV155500CE,MCX:SILVER25DECFUT,3080.5000,154513,155500,2025-11-26 23:20:00,43.4600,c,1
2025-11-20 13:48:00,MCX:SILVER25NOV155500CE,MCX:SILVER25DECFUT,3080.5000,154545,155500,2025-11-26 23:20:00,43.2783,c,1
2025-11-20 13:49:00,MCX:SILVER25NOV155500CE,MCX:SILVER25DECFUT,2500.0000,154370,155500,2025-11-26 23:20:00,37.1072,c,1
2025-11-20 13:50:00,MCX:SILVER25NOV155500CE,MCX:SILVER25DECFUT,2500.0000,154350,155500,2025-11-26 23:20:00,37.2206,c,1
2025-11-20 13:51:00,MCX:SILVER25NOV155500CE,MCX:SILVER25DECFUT,2500.0000,154335,155500,2025-11-26 23:20:00,37.3060,c,1
2025-11-20 13:52:00,MCX:SILVER25NOV155500CE,MCX:SILVER25DECFUT,2500.0000,154140,155500,2025-11-26 23:20:00,38.3843,c,1
2025-11-20 13:53:00,MCX:SILVER25NOV155500CE,MCX:SILVER25DECFUT,2500.0000,153961,155500,2025-11-26 23:20:00,39.3619,c,1
2025-11-20 13:54:00,MCX:SILVER25NOV155500CE,MCX:SILVER25DECFUT,2500.0000,154324,155500,2025-11-26 23:20:00,37.3732,c,1
2025-11-20 13:55:00,MCX:SILVER25NOV155500CE,MCX:SILVER25DECFUT,2500.0000,154099,155500,2025-11-26 23:20:00,38.6150,c,1
2025-11-20 13:56:00,MCX:SILVER25NOV155500CE,MCX:SILVER25DECFUT,2500.0000,154081,155500,2025-11-26 23:20:00,38.7155,c,1
2025-11-20 13:57:00,MCX:SILVER25NOV155500CE,MCX:SILVER25DECFUT,2500.0000,154036,155500,2025-11-26 23:20:00,38.9630,c,1
2025-11-20 13:58:00,MCX:SILVER25NOV155500CE,MCX:SILVER25DECFUT,2500.0000,154050,155500,2025-11-26 23:20:00,38.8888,c,1
2025-11-20 13:59:00,MCX:SILVER25NOV155500CE,MCX:SILVER25DECFUT,2500.0000,154001,155500,2025-11-26 23:20:00,39.1576,c,1
2025-11-20 14:00:00,MCX:SILVER25NOV155500CE,MCX:SILVER25DECFUT,2500.0000,153838,155500,2025-11-26 23:20:00,40.0410,c,1
2025-11-20 14:01:00,MCX:SILVER25NOV155500CE,MCX:SILVER25DECFUT,2500.0000,153798,155500,2025-11-26 23:20:00,40.2580,c,1
2025-11-20 14:02:00,MCX:SILVER25NOV155500CE,MCX:SILVER25DECFUT,2500.0000,153997,155500,2025-11-26 23:20:00,39.1857,c,1
2025-11-20 14:03:00,MCX:SILVER25NOV155500CE,MCX:SILVER25DECFUT,2500.0000,154130,155500,2025-11-26 23:20:00,38.4620,c,1
2025-11-20 14:04:00,MCX:SILVER25NOV155500CE,MCX:SILVER25DECFUT,2500.0000,154128,155500,2025-11-26 23:20:00,38.4751,c,1
2025-11-20 14:05:00,MCX:SILVER25NOV155500CE,MCX:SILVER25DECFUT,2500.0000,154470,155500,2025-11-26 23:20:00,36.5798,c,1
2025-11-20 14:06:00,MCX:SILVER25NOV155500CE,MCX:SILVER25DECFUT,2500.0000,154400,155500,2025-11-26 23:20:00,36.9740,c,1
2025-11-20 14:07:00,MCX:SILVER25NOV155500CE,MCX:SILVER25DECFUT,2500.0000,154181,155500,2025-11-26 23:20:00,38.1902,c,1
2025-11-20 14:08:00,MCX:SILVER25NOV155500CE,MCX:SILVER25DECFUT,2500.0000,154000,155500,2025-11-26 23:20:00,39.1822,c,1
2025-11-20 14:09:00,MCX:SILVER25NOV155500CE,MCX:SILVER25DECFUT,2500.0000,154032,155500,2025-11-26 23:20:00,39.0101,c,1
2025-11-20 14:10:00,MCX:SILVER25NOV155500CE,MCX:SILVER25DECFUT,2496.5000,153960,155500,2025-11-26 23:20:00,39.3599,c,1
2025-11-20 14:11:00,MCX:SILVER25NOV155500CE,MCX:SILVER25DECFUT,2496.5000,153954,155500,2025-11-26 23:20:00,39.3945,c,1
2025-11-20 14:12:00,MCX:SILVER25NOV155500CE,MCX:SILVER25DECFUT,2496.5000,153824,155500,2025-11-26 23:20:00,40.0985,c,1
2025-11-20 14:13:00,MCX:SILVER25NOV155500CE,MCX:SILVER25DECFUT,2496.5000,153634,155500,2025-11-26 23:20:00,41.1165,c,1
2025-11-20 14:14:00,MCX:SILVER25NOV155500CE,MCX:SILVER25DECFUT,2496.5000,153772,155500,2025-11-26 23:20:00,40.3820,c,1
2025-11-20 14:15:00,MCX:SILVER25NOV155500CE,MCX:SILVER25DECFUT,2496.5000,153726,155500,2025-11-26 23:20:00,40.6304,c,1
2025-11-20 14:16:00,MCX:SILVER25NOV155500CE,MCX:SILVER25DECFUT,2496.5000,153994,155500,2025-11-26 23:20:00,39.1881,c,1
2025-11-20 14:17:00,MCX:SILVER25NOV155500CE,MCX:SILVER25DECFUT,2496.5000,154174,155500,2025-11-26 23:20:00,38.2059,c,1
2025-11-20 14:18:00,MCX:SILVER25NOV155500CE,MCX:SILVER25DECFUT,2496.5000,154097,155500,2025-11-26 23:20:00,38.6305,c,1
2025-11-20 14:19:00,MCX:SILVER25NOV155500CE,MCX:SILVER25DECFUT,2496.5000,153950,155500,2025-11-26 23:20:00,39.4333,c,1
2025-11-20 14:20:00,MCX:SILVER25NOV155500CE,MCX:SILVER25DECFUT,2496.5000,154058,155500,2025-11-26 23:20:00,38.8479,c,1
2025-11-20 14:21:00,MCX:SILVER25NOV155500CE,MCX:SILVER25DECFUT,2496.5000,153921,155500,2025-11-26 23:20:00,39.5947,c,1
2025-11-20 14:22:00,MCX:SILVER25NOV155500CE,MCX:SILVER25DECFUT,2496.5000,154011,155500,2025-11-26 23:20:00,39.1084,c,1
2025-11-20 14:23:00,MCX:SILVER25NOV155500CE,MCX:SILVER25DECFUT,2496.5000,154030,155500,2025-11-26 23:20:00,39.0070,c,1
2025-11-20 14:24:00,MCX:SILVER25NOV155500CE,MCX:SILVER25DECFUT,2496.5000,154220,155500,2025-11-26 23:20:00,37.9669,c,1
2025-11-20 14:25:00,MCX:SILVER25NOV155500CE,MCX:SILVER25DECFUT,2496.5000,154220,155500,2025-11-26 23:20:00,37.9690,c,1
2025-11-20 14:26:00,MCX:SILVER25NOV155500CE,MCX:SILVER25DECFUT,2496.5000,154400,155500,2025-11-26 23:20:00,36.9707,c,1
2025-11-20 14:27:00,MCX:SILVER25NOV155500CE,MCX:SILVER25DECFUT,2496.5000,154399,155500,2025-11-26 23:20:00,36.9783,c,1
2025-11-20 14:28:00,MCX:SILVER25NOV155500CE,MCX:SILVER25DECFUT,2650.0000,154707,155500,2025-11-26 23:20:00,37.1294,c,1
2025-11-20 14:29:00,MCX:SILVER25NOV155500CE,MCX:SILVER25DECFUT,2650.0000,154504,155500,2025-11-26 23:20:00,38.2918,c,1
2025-11-20 14:30:00,MCX:SILVER25NOV155500CE,MCX:SILVER25DECFUT,2650.0000,154559,155500,2025-11-26 23:20:00,37.9812,c,1
2025-11-20 14:31:00,MCX:SILVER25NOV155500CE,MCX:SILVER25DECFUT,2650.0000,154789,155500,2025-11-26 23:20:00,36.6614,c,1
2025-11-20 14:32:00,MCX:SILVER25NOV155500CE,MCX:SILVER25DECFUT,2650.0000,154945,155500,2025-11-26 23:20:00,35.7525,c,1
2025-11-20 14:33:00,MCX:SILVER25NOV155500CE,MCX:SILVER25DECFUT,2650.0000,154802,155500,2025-11-26 23:20:00,36.5899,c,1
2025-11-20 14:34:00,MCX:SILVER25NOV155500CE,MCX:SILVER25DECFUT,2650.0000,154902,155500,2025-11-26 23:20:00,36.0087,c,1
2025-11-20 14:35:00,MCX:SILVER25NOV155500CE,MCX:SILVER25DECFUT,2650.0000,154962,155500,2025-11-26 23:20:00,35.6583,c,1
2025-11-20 14:36:00,MCX:SILVER25NOV155500CE,MCX:SILVER25DECFUT,2650.0000,154930,155500,2025-11-26 23:20:00,35.8484,c,1
2025-11-20 14:37:00,MCX:SILVER25NOV155500CE,MCX:SILVER25DECFUT,2650.0000,155050,155500,2025-11-26 23:20:00,35.1420,c,1
2025-11-20 14:38:00,MCX:SILVER25NOV155500CE,MCX:SILVER25DECFUT,2650.0000,154897,155500,2025-11-26 23:20:00,36.0458,c,1
2025-11-20 14:39:00,MCX:SILVER25NOV155500CE,MCX:SILVER25DECFUT,2650.0000,154808,155500,2025-11-26 23:20:00,36.5670,c,1
2025-11-20 14:40:00,MCX:SILVER25NOV155500CE,MCX:SILVER25DECFUT,2650.0000,154863,155500,2025-11-26 23:20:00,36.2485,c,1
2025-11-20 14:41:00,MCX:SILVER25NOV155500CE,MCX:SILVER25DECFUT,2650.0000,155050,155500,2025-11-26 23:20:00,35.1496,c,1
2025-11-20 14:42:00,MCX:SILVER25NOV155500CE,MCX:SILVER25DECFUT,2650.0000,155132,155500,2025-11-26 23:20:00,34.6629,c,1
2025-11-20 14:43:00,MCX:SILVER25NOV155500CE,MCX:SILVER25DECFUT,2650.0000,155175,155500,2025-11-26 23:20:00,34.4070,c,1
2025-11-20 14:44:00,MCX:SILVER25NOV155500CE,MCX:SILVER25DECFUT,2650.0000,155100,155500,2025-11-26 23:20:00,34.8578,c,1
2025-11-20 14:45:00,MCX:SILVER25NOV155500CE,MCX:SILVER25DECFUT,2650.0000,155250,155500,2025-11-26 23:20:00,33.9586,c,1
2025-11-20 14:46:00,MCX:SILVER25NOV155500CE,MCX:SILVER25DECFUT,2650.0000,155194,155500,2025-11-26 23:20:00,34.2984,c,1
2025-11-20 14:47:00,MCX:SILVER25NOV155500CE,MCX:SILVER25DECFUT,2650.0000,155173,155500,2025-11-26 23:20:00,34.4265,c,1
2025-11-20 14:48:00,MCX:SILVER25NOV155500CE,MCX:SILVER25DECFUT,2650.0000,154934,155500,2025-11-26 23:20:00,35.8483,c,1
2025-11-20 14:49:00,MCX:SILVER25NOV155500CE,MCX:SILVER25DECFUT,2650.0000,154973,155500,2025-11-26 23:20:00,35.6206,c,1
2025-11-20 14:50:00,MCX:SILVER25NOV155500CE,MCX:SILVER25DECFUT,2650.0000,155017,155500,2025-11-26 23:20:00,35.3625,c,1
2025-11-20 14:51:00,MCX:SILVER25NOV155500CE,MCX:SILVER25DECFUT,2650.0000,155080,155500,2025-11-26 23:20:00,34.9903,c,1
2025-11-20 14:52:00,MCX:SILVER25NOV155500CE,MCX:SILVER25DECFUT,2650.0000,155084,155500,2025-11-26 23:20:00,34.9684,c,1
2025-11-20 14:53:00,MCX:SILVER25NOV155500CE,MCX:SILVER25DECFUT,2650.0000,155002,155500,2025-11-26 23:20:00,35.4571,c,1
2025-11-20 14:54:00,MCX:SILVER25NOV155500CE,MCX:SILVER25DECFUT,2650.0000,155022,155500,2025-11-26 23:20:00,35.3406,c,1
2025-11-20 14:55:00,MCX:SILVER25NOV155500CE,MCX:SILVER25DECFUT,2650.0000,154849,155500,2025-11-26 23:20:00,36.3599,c,1
2025-11-20 14:56:00,MCX:SILVER25NOV155500CE,MCX:SILVER25DECFUT,2650.0000,154914,155500,2025-11-26 23:20:00,35.9814,c,1
2025-11-20 14:57:00,MCX:SILVER25NOV155500CE,MCX:SILVER25DECFUT,2650.0000,154759,155500,2025-11-26 23:20:00,36.8873,c,1
2025-11-20 14:58:00,MCX:SILVER25NOV155500CE,MCX:SILVER25DECFUT,2650.0000,154878,155500,2025-11-26 23:20:00,36.1964,c,1
2025-11-20 14:59:00,MCX:SILVER25NOV155500CE,MCX:SILVER25DECFUT,2650.0000,154733,155500,2025-11-26 23:20:00,37.0419,c,1
2025-11-20 15:00:00,MCX:SILVER25NOV155500CE,MCX:SILVER25DECFUT,2650.0000,154696,155500,2025-11-26 23:20:00,37.2576,c,1
2025-11-20 15:01:00,MCX:SILVER25NOV155500CE,MCX:SILVER25DECFUT,2650.0000,154527,155500,2025-11-26 23:20:00,38.2278,c,1
2025-11-20 15:02:00,MCX:SILVER25NOV155500CE,MCX:SILVER25DECFUT,2650.0000,154552,155500,2025-11-26 23:20:00,38.0874,c,1
2025-11-20 15:03:00,MCX:SILVER25NOV155500CE,MCX:SILVER25DECFUT,2650.0000,154771,155500,2025-11-26 23:20:00,36.8298,c,1
2025-11-20 15:04:00,MCX:SILVER25NOV155500CE,MCX:SILVER25DECFUT,2650.0000,154746,155500,2025-11-26 23:20:00,36.9767,c,1
2025-11-20 15:05:00,MCX:SILVER25NOV155500CE,MCX:SILVER25DECFUT,2650.0000,154999,155500,2025-11-26 23:20:00,35.4981,c,1
2025-11-20 15:06:00,MCX:SILVER25NOV155500CE,MCX:SILVER25DECFUT,2650.0000,155118,155500,2025-11-26 23:20:00,34.7921,c,1
2025-11-20 15:07:00,MCX:SILVER25NOV155500CE,MCX:SILVER25DECFUT,2650.0000,155199,155500,2025-11-26 23:20:00,34.3075,c,1
2025-11-20 15:08:00,MCX:SILVER25NOV155500CE,MCX:SILVER25DECFUT,2650.0000,155129,155500,2025-11-26 23:20:00,34.7300,c,1
2025-11-20 15:09:00,MCX:SILVER25NOV155500CE,MCX:SILVER25DECFUT,2650.0000,155160,155500,2025-11-26 23:20:00,34.5460,c,1
2025-11-20 15:10:00,MCX:SILVER25NOV155500CE,MCX:SILVER25DECFUT,2650.0000,155220,155500,2025-11-26 23:20:00,34.1864,c,1
2025-11-20 15:11:00,MCX:SILVER25NOV155500CE,MCX:SILVER25DECFUT,2650.0000,155300,155500,2025-11-26 23:20:00,33.7030,c,1
2025-11-20 15:12:00,MCX:SILVER25NOV155500CE,MCX:SILVER25DECFUT,2650.0000,155298,155500,2025-11-26 23:20:00,33.7170,c,1
2025-11-20 15:13:00,MCX:SILVER25NOV155500CE,MCX:SILVER25DECFUT,2650.0000,155200,155500,2025-11-26 23:20:00,34.3127,c,1
2025-11-20 15:14:00,MCX:SILVER25NOV155500CE,MCX:SILVER25DECFUT,2650.0000,155040,155500,2025-11-26 23:20:00,35.2723,c,1
2025-11-20 15:15:00,MCX:SILVER25NOV155500CE,MCX:SILVER25DECFUT,2650.0000,155025,155500,2025-11-26 23:20:00,35.3633,c,1
2025-11-20 15:16:00,MCX:SILVER25NOV155500CE,MCX:SILVER25DECFUT,2650.0000,154981,155500,2025-11-26 23:20:00,35.6259,c,1
2025-11-20 15:17:00,MCX:SILVER25NOV155500CE,MCX:SILVER25DECFUT,2650.0000,154980,155500,2025-11-26 23:20:00,35.6337,c,1
2025-11-20 15:18:00,MCX:SILVER25NOV155500CE,MCX:SILVER25DECFUT,2650.0000,154908,155500,2025-11-26 23:20:00,36.0599,c,1
2025-11-20 15:19:00,MCX:SILVER25NOV155500CE,MCX:SILVER25DECFUT,2650.0000,154980,155500,2025-11-26 23:20:00,35.6376,c,1
2025-11-20 15:20:00,MCX:SILVER25NOV155500CE,MCX:SILVER25DECFUT,2650.0000,155066,155500,2025-11-26 23:20:00,35.1292,c,1
2025-11-20 15:21:00,MCX:SILVER25NOV155500CE,MCX:SILVER25DECFUT,2650.0000,155119,155500,2025-11-26 23:20:00,34.8146,c,1
2025-11-20 15:22:00,MCX:SILVER25NOV155500CE,MCX:SILVER25DECFUT,2650.0000,155230,155500,2025-11-26 23:20:00,34.1483,c,1
2025-11-20 15:23:00,MCX:SILVER25NOV155500CE,MCX:SILVER25DECFUT,2650.0000,155124,155500,2025-11-26 23:20:00,34.7884,c,1
2025-11-20 15:24:00,MCX:SILVER25NOV155500CE,MCX:SILVER25DECFUT,2650.0000,155119,155500,2025-11-26 23:20:00,34.8203,c,1
2025-11-20 15:25:00,MCX:SILVER25NOV155500CE,MCX:SILVER25DECFUT,2650.0000,155240,155500,2025-11-26 23:20:00,34.0934,c,1
2025-11-20 15:26:00,MCX:SILVER25NOV155500CE,MCX:SILVER25DECFUT,2650.0000,155240,155500,2025-11-26 23:20:00,34.0952,c,1
2025-11-20 15:27:00,MCX:SILVER25NOV155500CE,MCX:SILVER25DECFUT,2650.0000,155156,155500,2025-11-26 23:20:00,34.6040,c,1
2025-11-20 15:28:00,MCX:SILVER25NOV155500CE,MCX:SILVER25DECFUT,2650.0000,155030,155500,2025-11-26 23:20:00,35.3588,c,1
2025-11-20 15:29:00,MCX:SILVER25NOV155500CE,MCX:SILVER25DECFUT,2650.0000,155150,155500,2025-11-26 23:20:00,34.6438,c,1
2025-11-20 15:30:00,MCX:SILVER25NOV155500CE,MCX:SILVER25DECFUT,2650.0000,155169,155500,2025-11-26 23:20:00,34.5315,c,1
2025-11-20 15:31:00,MCX:SILVER25NOV155500CE,MCX:SILVER25DECFUT,2650.0000,155110,155500,2025-11-26 23:20:00,34.8875,c,1
2025-11-20 15:32:00,MCX:SILVER25NOV155500CE,MCX:SILVER25DECFUT,2650.0000,155200,155500,2025-11-26 23:20:00,34.3484,c,1
2025-11-20 15:33:00,MCX:SILVER25NOV155500CE,MCX:SILVER25DECFUT,2650.0000,155300,155500,2025-11-26 23:20:00,33.7435,c,1
2025-11-20 15:34:00,MCX:SILVER25NOV155500CE,MCX:SILVER25DECFUT,2650.0000,155330,155500,2025-11-26 23:20:00,33.5621,c,1
2025-11-20 15:35:00,MCX:SILVER25NOV155500CE,MCX:SILVER25DECFUT,2650.0000,155300,155500,2025-11-26 23:20:00,33.7472,c,1
2025-11-20 15:36:00,MCX:SILVER25NOV155500CE,MCX:SILVER25DECFUT,2650.0000,155285,155500,2025-11-26 23:20:00,33.8405,c,1
2025-11-20 15:37:00,MCX:SILVER25NOV155500CE,MCX:SILVER25DECFUT,2650.0000,155300,155500,2025-11-26 23:20:00,33.7509,c,1
2025-11-20 15:38:00,MCX:SILVER25NOV155500CE,MCX:SILVER25DECFUT,2650.0000,155249,155500,2025-11-26 23:20:00,34.0630,c,1
2025-11-20 15:39:00,MCX:SILVER25NOV155500CE,MCX:SILVER25DECFUT,2650.0000,155220,155500,2025-11-26 23:20:00,34.2406,c,1
2025-11-20 15:40:00,MCX:SILVER25NOV155500CE,MCX:SILVER25DECFUT,2650.0000,155150,155500,2025-11-26 23:20:00,34.6647,c,1
2025-11-20 15:41:00,MCX:SILVER25NOV155500CE,MCX:SILVER25DECFUT,2650.0000,155053,155500,2025-11-26 23:20:00,35.2471,c,1
2025-11-20 15:42:00,MCX:SILVER25NOV155500CE,MCX:SILVER25DECFUT,2650.0000,155015,155500,2025-11-26 23:20:00,35.4750,c,1
2025-11-20 15:43:00,MCX:SILVER25NOV155500CE,MCX:SILVER25DECFUT,2650.0000,154850,155500,2025-11-26 23:20:00,36.4496,c,1
2025-11-20 15:44:00,MCX:SILVER25NOV155500CE,MCX:SILVER25DECFUT,2650.0000,154766,155500,2025-11-26 23:20:00,36.9415,c,1
2025-11-20 15:45:00,MCX:SILVER25NOV155500CE,MCX:SILVER25DECFUT,2650.0000,154892,155500,2025-11-26 23:20:00,36.2073,c,1
2025-11-20 15:46:00,MCX:SILVER25NOV155500CE,MCX:SILVER25DECFUT,2650.0000,154999,155500,2025-11-26 23:20:00,35.5777,c,1
2025-11-20 15:47:00,MCX:SILVER25NOV155500CE,MCX:SILVER25DECFUT,2650.0000,155035,155500,2025-11-26 23:20:00,35.3658,c,1
2025-11-20 15:48:00,MCX:SILVER25NOV155500CE,MCX:SILVER25DECFUT,2650.0000,154932,155500,2025-11-26 23:20:00,35.9778,c,1
2025-11-20 15:49:00,MCX:SILVER25NOV155500CE,MCX:SILVER25DECFUT,2650.0000,154929,155500,2025-11-26 23:20:00,35.9975,c,1
2025-11-20 15:50:00,MCX:SILVER25NOV155500CE,MCX:SILVER25DECFUT,2650.0000,155103,155500,2025-11-26 23:20:00,34.9658,c,1
2025-11-20 15:51:00,MCX:SILVER25NOV155500CE,MCX:SILVER25DECFUT,2650.0000,155000,155500,2025-11-26 23:20:00,35.5816,c,1
2025-11-20 15:52:00,MCX:SILVER25NOV155500CE,MCX:SILVER25DECFUT,2650.0000,154800,155500,2025-11-26 23:20:00,36.7598,c,1
2025-11-20 15:53:00,MCX:SILVER25NOV155500CE,MCX:SILVER25DECFUT,2650.0000,154924,155500,2025-11-26 23:20:00,36.0348,c,1
2025-11-20 15:54:00,MCX:SILVER25NOV155500CE,MCX:SILVER25DECFUT,2650.0000,154937,155500,2025-11-26 23:20:00,35.9602,c,1
2025-11-20 15:55:00,MCX:SILVER25NOV155500CE,MCX:SILVER25DECFUT,2650.0000,154908,155500,2025-11-26 23:20:00,36.1330,c,1
2025-11-20 15:56:00,MCX:SILVER25NOV155500CE,MCX:SILVER25DECFUT,2650.0000,154970,155500,2025-11-26 23:20:00,35.7691,c,1
2025-11-20 15:57:00,MCX:SILVER25NOV155500CE,MCX:SILVER25DECFUT,2650.0000,154897,155500,2025-11-26 23:20:00,36.2017,c,1
2025-11-20 15:58:00,MCX:SILVER25NOV155500CE,MCX:SILVER25DECFUT,2650.0000,154993,155500,2025-11-26 23:20:00,35.6367,c,1
2025-11-20 15:59:00,MCX:SILVER25NOV155500CE,MCX:SILVER25DECFUT,2650.0000,154905,155500,2025-11-26 23:20:00,36.1586,c,1
2025-11-20 16:00:00,MCX:SILVER25NOV155500CE,MCX:SILVER25DECFUT,2650.0000,155014,155500,2025-11-26 23:20:00,35.5160,c,1
2025-11-20 16:01:00,MCX:SILVER25NOV155500CE,MCX:SILVER25DECFUT,2650.0000,155050,155500,2025-11-26 23:20:00,35.3036,c,1
2025-11-20 16:02:00,MCX:SILVER25NOV155500CE,MCX:SILVER25DECFUT,2650.0000,155054,155500,2025-11-26 23:20:00,35.2817,c,1
2025-11-20 16:03:00,MCX:SILVER25NOV155500CE,MCX:SILVER25DECFUT,2650.0000,155126,155500,2025-11-26 23:20:00,34.8527,c,1
2025-11-20 16:04:00,MCX:SILVER25NOV155500CE,MCX:SILVER25DECFUT,2650.0000,155030,155500,2025-11-26 23:20:00,35.4286,c,1
2025-11-20 16:05:00,MCX:SILVER25NOV155500CE,MCX:SILVER25DECFUT,2650.0000,154988,155500,2025-11-26 23:20:00,35.6801,c,1
2025-11-20 16:06:00,MCX:SILVER25NOV155500CE,MCX:SILVER25DECFUT,2650.0000,155010,155500,2025-11-26 23:20:00,35.5515,c,1
2025-11-20 16:07:00,MCX:SILVER25NOV155500CE,MCX:SILVER25DECFUT,2650.0000,154879,155500,2025-11-26 23:20:00,36.3274,c,1
2025-11-20 16:08:00,MCX:SILVER25NOV155500CE,MCX:SILVER25DECFUT,2650.0000,154834,155500,2025-11-26 23:20:00,36.5933,c,1
2025-11-20 16:09:00,MCX:SILVER25NOV155500CE,MCX:SILVER25DECFUT,2650.0000,154871,155500,2025-11-26 23:20:00,36.3784,c,1
2025-11-20 16:10:00,MCX:SILVER25NOV155500CE,MCX:SILVER25DECFUT,2650.0000,154748,155500,2025-11-26 23:20:00,37.0990,c,1
2025-11-20 16:11:00,MCX:SILVER25NOV155500CE,MCX:SILVER25DECFUT,2650.0000,154799,155500,2025-11-26 23:20:00,36.8040,c,1
2025-11-20 16:12:00,MCX:SILVER25NOV155500CE,MCX:SILVER25DECFUT,2650.0000,154794,155500,2025-11-26 23:20:00,36.8352,c,1
2025-11-20 16:13:00,MCX:SILVER25NOV155500CE,MCX:SILVER25DECFUT,2650.0000,154740,155500,2025-11-26 23:20:00,37.1516,c,1
2025-11-20 16:14:00,MCX:SILVER25NOV155500CE,MCX:SILVER25DECFUT,2650.0000,154703,155500,2025-11-26 23:20:00,37.3683,c,1
2025-11-20 16:15:00,MCX:SILVER25NOV155500CE,MCX:SILVER25DECFUT,2650.0000,154706,155500,2025-11-26 23:20:00,37.3530,c,1
2025-11-20 16:16:00,MCX:SILVER25NOV155500CE,MCX:SILVER25DECFUT,2650.0000,154576,155500,2025-11-26 23:20:00,38.1046,c,1
2025-11-20 16:17:00,MCX:SILVER25NOV155500CE,MCX:SILVER25DECFUT,2650.0000,154706,155500,2025-11-26 23:20:00,37.3571,c,1
2025-11-20 16:18:00,MCX:SILVER25NOV155500CE,MCX:SILVER25DECFUT,2650.0000,154733,155500,2025-11-26 23:20:00,37.2025,c,1
2025-11-20 16:19:00,MCX:SILVER25NOV155500CE,MCX:SILVER25DECFUT,2650.0000,154748,155500,2025-11-26 23:20:00,37.1174,c,1
2025-11-20 16:20:00,MCX:SILVER25NOV155500CE,MCX:SILVER25DECFUT,2650.0000,154770,155500,2025-11-26 23:20:00,36.9913,c,1
2025-11-20 16:21:00,MCX:SILVER25NOV155500CE,MCX:SILVER25DECFUT,2650.0000,154770,155500,2025-11-26 23:20:00,36.9934,c,1
2025-11-20 16:22:00,MCX:SILVER25NOV155500CE,MCX:SILVER25DECFUT,2650.0000,154686,155500,2025-11-26 23:20:00,37.4832,c,1
2025-11-20 16:23:00,MCX:SILVER25NOV155500CE,MCX:SILVER25DECFUT,2650.0000,154525,155500,2025-11-26 23:20:00,38.4114,c,1
2025-11-20 16:24:00,MCX:SILVER25NOV155500CE,MCX:SILVER25DECFUT,2650.0000,154432,155500,2025-11-26 23:20:00,38.9434,c,1
2025-11-20 16:25:00,MCX:SILVER25NOV155500CE,MCX:SILVER25DECFUT,2650.0000,154330,155500,2025-11-26 23:20:00,39.5227,c,1
2025-11-20 16:26:00,MCX:SILVER25NOV155500CE,MCX:SILVER25DECFUT,2650.0000,154450,155500,2025-11-26 23:20:00,38.8454,c,1
2025-11-20 16:27:00,MCX:SILVER25NOV155500CE,MCX:SILVER25DECFUT,2650.0000,154279,155500,2025-11-26 23:20:00,39.8141,c,1
2025-11-20 16:28:00,MCX:SILVER25NOV155500CE,MCX:SILVER25DECFUT,2650.0000,154399,155500,2025-11-26 23:20:00,39.1392,c,1
2025-11-20 16:29:00,MCX:SILVER25NOV155500CE,MCX:SILVER25DECFUT,2650.0000,154413,155500,2025-11-26 23:20:00,39.0620,c,1
2025-11-20 16:30:00,MCX:SILVER25NOV155500CE,MCX:SILVER25DECFUT,2650.0000,154345,155500,2025-11-26 23:20:00,39.4489,c,1
2025-11-20 16:31:00,MCX:SILVER25NOV155500CE,MCX:SILVER25DECFUT,2650.0000,154490,155500,2025-11-26 23:20:00,38.6282,c,1
2025-11-20 16:32:00,MCX:SILVER25NOV155500CE,MCX:SILVER25DECFUT,2650.0000,154530,155500,2025-11-26 23:20:00,38.4018,c,1
2025-11-20 16:33:00,MCX:SILVER25NOV155500CE,MCX:SILVER25DECFUT,2650.0000,154306,155500,2025-11-26 23:20:00,39.6754,c,1
2025-11-20 16:34:00,MCX:SILVER25NOV155500CE,MCX:SILVER25DECFUT,2650.0000,154230,155500,2025-11-26 23:20:00,40.1044,c,1
2025-11-20 16:35:00,MCX:SILVER25NOV155500CE,MCX:SILVER25DECFUT,2650.0000,154296,155500,2025-11-26 23:20:00,39.7360,c,1
2025-11-20 16:36:00,MCX:SILVER25NOV155500CE,MCX:SILVER25DECFUT,2650.0000,154346,155500,2025-11-26 23:20:00,39.4563,c,1
2025-11-20 16:37:00,MCX:SILVER25NOV155500CE,MCX:SILVER25DECFUT,2650.0000,154444,155500,2025-11-26 23:20:00,38.9031,c,1
2025-11-20 16:38:00,MCX:SILVER25NOV155500CE,MCX:SILVER25DECFUT,2650.0000,154287,155500,2025-11-26 23:20:00,39.7933,c,1
2025-11-20 16:39:00,MCX:SILVER25NOV155500CE,MCX:SILVER25DECFUT,2650.0000,154338,155500,2025-11-26 23:20:00,39.5080,c,1
2025-11-20 16:40:00,MCX:SILVER25NOV155500CE,MCX:SILVER25DECFUT,2650.0000,154394,155500,2025-11-26 23:20:00,39.1934,c,1
2025-11-20 16:41:00,MCX:SILVER25NOV155500CE,MCX:SILVER25DECFUT,2650.0000,154517,155500,2025-11-26 23:20:00,38.4953,c,1
2025-11-20 16:42:00,MCX:SILVER25NOV155500CE,MCX:SILVER25DECFUT,2650.0000,154490,155500,2025-11-26 23:20:00,38.6517,c,1
2025-11-20 16:43:00,MCX:SILVER25NOV155500CE,MCX:SILVER25DECFUT,2650.0000,154360,155500,2025-11-26 23:20:00,39.3924,c,1
2025-11-20 16:44:00,MCX:SILVER25NOV155500CE,MCX:SILVER25DECFUT,2650.0000,154347,155500,2025-11-26 23:20:00,39.4681,c,1
2025-11-20 16:45:00,MCX:SILVER25NOV155500CE,MCX:SILVER25DECFUT,2650.0000,154215,155500,2025-11-26 23:20:00,40.2128,c,1
2025-11-20 16:46:00,MCX:SILVER25NOV155500CE,MCX:SILVER25DECFUT,2650.0000,154182,155500,2025-11-26 23:20:00,40.3997,c,1
2025-11-20 16:47:00,MCX:SILVER25NOV155500CE,MCX:SILVER25DECFUT,2650.0000,154066,155500,2025-11-26 23:20:00,41.0477,c,1
2025-11-20 16:48:00,MCX:SILVER25NOV155500CE,MCX:SILVER25DECFUT,2650.0000,154185,155500,2025-11-26 23:20:00,40.3874,c,1
2025-11-20 16:49:00,MCX:SILVER25NOV155500CE,MCX:SILVER25DECFUT,2650.0000,154428,155500,2025-11-26 23:20:00,39.0198,c,1
2025-11-20 16:50:00,MCX:SILVER25NOV155500CE,MCX:SILVER25DECFUT,2650.0000,154400,155500,2025-11-26 23:20:00,39.1810,c,1
2025-11-20 16:51:00,MCX:SILVER25NOV155500CE,MCX:SILVER25DECFUT,2650.0000,154300,155500,2025-11-26 23:20:00,39.7486,c,1
2025-11-20 16:52:00,MCX:SILVER25NOV155500CE,MCX:SILVER25DECFUT,2650.0000,154366,155500,2025-11-26 23:20:00,39.3780,c,1
2025-11-20 16:53:00,MCX:SILVER25NOV155500CE,MCX:SILVER25DECFUT,2650.0000,154422,155500,2025-11-26 23:20:00,39.0626,c,1
2025-11-20 16:54:00,MCX:SILVER25NOV155500CE,MCX:SILVER25DECFUT,2650.0000,154323,155500,2025-11-26 23:20:00,39.6255,c,1
2025-11-20 16:55:00,MCX:SILVER25NOV155500CE,MCX:SILVER25DECFUT,2650.0000,154312,155500,2025-11-26 23:20:00,39.6897,c,1
2025-11-20 16:56:00,MCX:SILVER25NOV155500CE,MCX:SILVER25DECFUT,2650.0000,154363,155500,2025-11-26 23:20:00,39.4037,c,1
2025-11-20 16:57:00,MCX:SILVER25NOV155500CE,MCX:SILVER25DECFUT,2650.0000,154334,155500,2025-11-26 23:20:00,39.5699,c,1
2025-11-20 16:58:00,MCX:SILVER25NOV155500CE,MCX:SILVER25DECFUT,2650.0000,154526,155500,2025-11-26 23:20:00,38.4799,c,1
2025-11-20 16:59:00,MCX:SILVER25NOV155500CE,MCX:SILVER25DECFUT,2650.0000,154483,155500,2025-11-26 23:20:00,38.7279,c,1
2025-11-20 17:00:00,MCX:SILVER25NOV155500CE,MCX:SILVER25DECFUT,2650.0000,154372,155500,2025-11-26 23:20:00,39.3615,c,1
2025-11-20 17:01:00,MCX:SILVER25NOV155500CE,MCX:SILVER25DECFUT,2650.0000,154474,155500,2025-11-26 23:20:00,38.7836,c,1
2025-11-20 17:02:00,MCX:SILVER25NOV155500CE,MCX:SILVER25DECFUT,2650.0000,154436,155500,2025-11-26 23:20:00,39.0023,c,1
2025-11-20 17:03:00,MCX:SILVER25NOV155500CE,MCX:SILVER25DECFUT,2650.0000,154477,155500,2025-11-26 23:20:00,38.7708,c,1
2025-11-20 17:04:00,MCX:SILVER25NOV155500CE,MCX:SILVER25DECFUT,2650.0000,154503,155500,2025-11-26 23:20:00,38.6243,c,1
2025-11-20 17:05:00,MCX:SILVER25NOV155500CE,MCX:SILVER25DECFUT,2650.0000,154560,155500,2025-11-26 23:20:00,38.2997,c,1
2025-11-20 17:06:00,MCX:SILVER25NOV155500CE,MCX:SILVER25DECFUT,2650.0000,154551,155500,2025-11-26 23:20:00,38.3535,c,1
2025-11-20 17:07:00,MCX:SILVER25NOV155500CE,MCX:SILVER25DECFUT,2650.0000,154571,155500,2025-11-26 23:20:00,38.2407,c,1
2025-11-20 17:08:00,MCX:SILVER25NOV155500CE,MCX:SILVER25DECFUT,2650.0000,154633,155500,2025-11-26 23:20:00,37.8854,c,1
2025-11-20 17:09:00,MCX:SILVER25NOV155500CE,MCX:SILVER25DECFUT,2650.0000,154771,155500,2025-11-26 23:20:00,37.0856,c,1
2025-11-20 17:10:00,MCX:SILVER25NOV155500CE,MCX:SILVER25DECFUT,2650.0000,154800,155500,2025-11-26 23:20:00,36.9180,c,1
2025-11-20 17:11:00,MCX:SILVER25NOV155500CE,MCX:SILVER25DECFUT,2650.0000,154897,155500,2025-11-26 23:20:00,36.3496,c,1
2025-11-20 17:12:00,MCX:SILVER25NOV155500CE,MCX:SILVER25DECFUT,2650.0000,154988,155500,2025-11-26 23:20:00,35.8121,c,1
2025-11-20 17:13:00,MCX:SILVER25NOV155500CE,MCX:SILVER25DECFUT,2650.0000,154988,155500,2025-11-26 23:20:00,35.8141,c,1
2025-11-20 17:14:00,MCX:SILVER25NOV155500CE,MCX:SILVER25DECFUT,2650.0000,154932,155500,2025-11-26 23:20:00,36.1486,c,1
2025-11-20 17:15:00,MCX:SILVER25NOV155500CE,MCX:SILVER25DECFUT,2650.0000,154700,155500,2025-11-26 23:20:00,37.5117,c,1
2025-11-20 17:16:00,MCX:SILVER25NOV155500CE,MCX:SILVER25DECFUT,2650.0000,154720,155500,2025-11-26 23:20:00,37.3975,c,1
2025-11-20 17:17:00,MCX:SILVER25NOV155500CE,MCX:SILVER25DECFUT,2650.0000,154593,155500,2025-11-26 23:20:00,38.1351,c,1
2025-11-20 17:18:00,MCX:SILVER25NOV155500CE,MCX:SILVER25DECFUT,2650.0000,154560,155500,2025-11-26 23:20:00,38.3272,c,1
2025-11-20 17:19:00,MCX:SILVER25NOV155500CE,MCX:SILVER25DECFUT,2650.0000,154556,155500,2025-11-26 23:20:00,38.3523,c,1
2025-11-20 17:20:00,MCX:SILVER25NOV155500CE,MCX:SILVER25DECFUT,2650.0000,154600,155500,2025-11-26 23:20:00,38.1011,c,1
2025-11-20 17:21:00,MCX:SILVER25NOV155500CE,MCX:SILVER25DECFUT,2650.0000,154505,155500,2025-11-26 23:20:00,38.6492,c,1
2025-11-20 17:22:00,MCX:SILVER25NOV155500CE,MCX:SILVER25DECFUT,2650.0000,154543,155500,2025-11-26 23:20:00,38.4334,c,1
2025-11-20 17:23:00,MCX:SILVER25NOV155500CE,MCX:SILVER25DECFUT,2650.0000,154584,155500,2025-11-26 23:20:00,38.1997,c,1
2025-11-20 17:24:00,MCX:SILVER25NOV155500CE,MCX:SILVER25DECFUT,2650.0000,154686,155500,2025-11-26 23:20:00,37.6118,c,1
2025-11-20 17:25:00,MCX:SILVER25NOV155500CE,MCX:SILVER25DECFUT,2650.0000,154798,155500,2025-11-26 23:20:00,36.9604,c,1
2025-11-20 17:26:00,MCX:SILVER25NOV155500CE,MCX:SILVER25DECFUT,2650.0000,154900,155500,2025-11-26 23:20:00,36.3621,c,1
2025-11-20 17:27:00,MCX:SILVER25NOV155500CE,MCX:SILVER25DECFUT,2650.0000,154800,155500,2025-11-26 23:20:00,36.9528,c,1
2025-11-20 17:28:00,MCX:SILVER25NOV155500CE,MCX:SILVER25DECFUT,2650.0000,154800,155500,2025-11-26 23:20:00,36.9549,c,1
2025-11-20 17:29:00,MCX:SILVER25NOV155500CE,MCX:SILVER25DECFUT,2650.0000,154845,155500,2025-11-26 23:20:00,36.6926,c,1
2025-11-20 17:30:00,MCX:SILVER25NOV155500CE,MCX:SILVER25DECFUT,2650.0000,154766,155500,2025-11-26 23:20:00,37.1580,c,1
2025-11-20 17:31:00,MCX:SILVER25NOV155500CE,MCX:SILVER25DECFUT,2650.0000,154800,155500,2025-11-26 23:20:00,36.9610,c,1
2025-11-20 17:32:00,MCX:SILVER25NOV155500CE,MCX:SILVER25DECFUT,2650.0000,154833,155500,2025-11-26 23:20:00,36.7693,c,1
2025-11-20 17:33:00,MCX:SILVER25NOV155500CE,MCX:SILVER25DECFUT,2650.0000,154840,155500,2025-11-26 23:20:00,36.7301,c,1
2025-11-20 17:34:00,MCX:SILVER25NOV155500CE,MCX:SILVER25DECFUT,2650.0000,154772,155500,2025-11-26 23:20:00,37.1312,c,1
2025-11-20 17:35:00,MCX:SILVER25NOV155500CE,MCX:SILVER25DECFUT,2650.0000,154692,155500,2025-11-26 23:20:00,37.5998,c,1
2025-11-20 17:36:00,MCX:SILVER25NOV155500CE,MCX:SILVER25DECFUT,2650.0000,154808,155500,2025-11-26 23:20:00,36.9243,c,1
2025-11-20 17:37:00,MCX:SILVER25NOV155500CE,MCX:SILVER25DECFUT,2650.0000,154993,155500,2025-11-26 23:20:00,35.8320,c,1
2025-11-20 17:38:00,MCX:SILVER25NOV155500CE,MCX:SILVER25DECFUT,2650.0000,155140,155500,2025-11-26 23:20:00,34.9514,c,1
2025-11-20 17:39:00,MCX:SILVER25NOV155500CE,MCX:SILVER25DECFUT,2650.0000,155006,155500,2025-11-26 23:20:00,35.7584,c,1
2025-11-20 17:40:00,MCX:SILVER25NOV155500CE,MCX:SILVER25DECFUT,2650.0000,154998,155500,2025-11-26 23:20:00,35.8081,c,1
2025-11-20 17:41:00,MCX:SILVER25NOV155500CE,MCX:SILVER25DECFUT,2650.0000,155231,155500,2025-11-26 23:20:00,34.4047,c,1
2025-11-20 17:42:00,MCX:SILVER25NOV155500CE,MCX:SILVER25DECFUT,2650.0000,155172,155500,2025-11-26 23:20:00,34.7654,c,1
2025-11-20 17:43:00,MCX:SILVER25NOV155500CE,MCX:SILVER25DECFUT,2650.0000,155154,155500,2025-11-26 23:20:00,34.8764,c,1
2025-11-20 17:44:00,MCX:SILVER25NOV155500CE,MCX:SILVER25DECFUT,2650.0000,155215,155500,2025-11-26 23:20:00,34.5079,c,1
2025-11-20 17:45:00,MCX:SILVER25NOV155500CE,MCX:SILVER25DECFUT,2650.0000,155235,155500,2025-11-26 23:20:00,34.3879,c,1
2025-11-20 17:46:00,MCX:SILVER25NOV155500CE,MCX:SILVER25DECFUT,2650.0000,155292,155500,2025-11-26 23:20:00,34.0409,c,1
2025-11-20 17:47:00,MCX:SILVER25NOV155500CE,MCX:SILVER25DECFUT,2650.0000,155292,155500,2025-11-26 23:20:00,34.0428,c,1
2025-11-20 17:48:00,MCX:SILVER25NOV155500CE,MCX:SILVER25DECFUT,2650.0000,155401,155500,2025-11-26 23:20:00,33.3718,c,1
2025-11-20 17:49:00,MCX:SILVER25NOV155500CE,MCX:SILVER25DECFUT,2650.0000,155454,155500,2025-11-26 23:20:00,33.0437,c,1
2025-11-20 17:50:00,MCX:SILVER25NOV155500CE,MCX:SILVER25DECFUT,2650.0000,155499,155500,2025-11-26 23:20:00,32.7638,c,1
2025-11-20 17:51:00,MCX:SILVER25NOV155500CE,MCX:SILVER25DECFUT,2650.0000,155412,155500,2025-11-26 23:20:00,33.3090,c,1
2025-11-20 17:52:00,MCX:SILVER25NOV155500CE,MCX:SILVER25DECFUT,2650.0000,155308,155500,2025-11-26 23:20:00,33.9540,c,1
2025-11-20 17:53:00,MCX:SILVER25NOV155500CE,MCX:SILVER25DECFUT,2650.0000,155252,155500,2025-11-26 23:20:00,34.2993,c,1
2025-11-20 17:54:00,MCX:SILVER25NOV155500CE,MCX:SILVER25DECFUT,2650.0000,155253,155500,2025-11-26 23:20:00,34.2951,c,1
2025-11-20 17:55:00,MCX:SILVER25NOV155500CE,MCX:SILVER25DECFUT,2650.0000,155282,155500,2025-11-26 23:20:00,34.1193,c,1
2025-11-20 17:56:00,MCX:SILVER25NOV155500CE,MCX:SILVER25DECFUT,2650.0000,155185,155500,2025-11-26 23:20:00,34.7135,c,1
2025-11-20 17:57:00,MCX:SILVER25NOV155500CE,MCX:SILVER25DECFUT,2650.0000,155246,155500,2025-11-26 23:20:00,34.3436,c,1
2025-11-20 17:58:00,MCX:SILVER25NOV155500CE,MCX:SILVER25DECFUT,2650.0000,155312,155500,2025-11-26 23:20:00,33.9407,c,1
2025-11-20 17:59:00,MCX:SILVER25NOV155500CE,MCX:SILVER25DECFUT,2650.0000,155305,155500,2025-11-26 23:20:00,33.9856,c,1
2025-11-20 18:00:00,MCX:SILVER25NOV155500CE,MCX:SILVER25DECFUT,2650.0000,155488,155500,2025-11-26 23:20:00,32.8511,c,1
2025-11-20 18:01:00,MCX:SILVER25NOV155500CE,MCX:SILVER25DECFUT,2650.0000,155510,155500,2025-11-26 23:20:00,32.7147,c,1
2025-11-20 18:02:00,MCX:SILVER25NOV155500CE,MCX:SILVER25DECFUT,2650.0000,155620,155500,2025-11-26 23:20:00,32.0206,c,1
2025-11-20 18:03:00,MCX:SILVER25NOV155500CE,MCX:SILVER25DECFUT,3439.0000,155491,155500,2025-11-26 23:20:00,42.6004,c,1
2025-11-20 18:04:00,MCX:SILVER25NOV155500CE,MCX:SILVER25DECFUT,3439.0000,155706,155500,2025-11-26 23:20:00,41.2337,c,1
2025-11-20 18:05:00,MCX:SILVER25NOV155500CE,MCX:SILVER25DECFUT,3439.0000,155522,155500,2025-11-26 23:20:00,42.4093,c,1
2025-11-20 18:06:00,MCX:SILVER25NOV155500CE,MCX:SILVER25DECFUT,3439.0000,155555,155500,2025-11-26 23:20:00,42.2026,c,1
2025-11-20 18:07:00,MCX:SILVER25NOV155500CE,MCX:SILVER25DECFUT,3439.0000,155536,155500,2025-11-26 23:20:00,42.3254,c,1
2025-11-20 18:08:00,MCX:SILVER25NOV155500CE,MCX:SILVER25DECFUT,3439.0000,155588,155500,2025-11-26 23:20:00,41.9976,c,1
2025-11-20 18:09:00,MCX:SILVER25NOV155500CE,MCX:SILVER25DECFUT,3439.0000,155486,155500,2025-11-26 23:20:00,42.6462,c,1
2025-11-20 18:10:00,MCX:SILVER25NOV155500CE,MCX:SILVER25DECFUT,3439.0000,155519,155500,2025-11-26 23:20:00,42.4401,c,1
2025-11-20 18:11:00,MCX:SILVER25NOV155500CE,MCX:SILVER25DECFUT,3439.0000,155561,155500,2025-11-26 23:20:00,42.1762,c,1
2025-11-20 18:12:00,MCX:SILVER25NOV155500CE,MCX:SILVER25DECFUT,3439.0000,155570,155500,2025-11-26 23:20:00,42.1214,c,1
2025-11-20 18:13:00,MCX:SILVER25NOV155500CE,MCX:SILVER25DECFUT,3439.0000,155359,155500,2025-11-26 23:20:00,43.4528,c,1
2025-11-20 18:14:00,MCX:SILVER25NOV155500CE,MCX:SILVER25DECFUT,3439.0000,155339,155500,2025-11-26 23:20:00,43.5800,c,1
2025-11-20 18:15:00,MCX:SILVER25NOV155500CE,MCX:SILVER25DECFUT,3439.0000,155318,155500,2025-11-26 23:20:00,43.7133,c,1
2025-11-20 18:16:00,MCX:SILVER25NOV155500CE,MCX:SILVER25DECFUT,3439.0000,155408,155500,2025-11-26 23:20:00,43.1534,c,1
2025-11-20 18:17:00,MCX:SILVER25NOV155500CE,MCX:SILVER25DECFUT,3439.0000,155381,155500,2025-11-26 23:20:00,43.3249,c,1
2025-11-20 18:18:00,MCX:SILVER25NOV155500CE,MCX:SILVER25DECFUT,3439.0000,155370,155500,2025-11-26 23:20:00,43.3962,c,1
2025-11-20 18:19:00,MCX:SILVER25NOV155500CE,MCX:SILVER25DECFUT,3439.0000,155440,155500,2025-11-26 23:20:00,42.9597,c,1
2025-11-20 18:20:00,MCX:SILVER25NOV155500CE,MCX:SILVER25DECFUT,3439.0000,155580,155500,2025-11-26 23:20:00,42.0766,c,1
2025-11-20 18:21:00,MCX:SILVER25NOV155500CE,MCX:SILVER25DECFUT,3439.0000,155580,155500,2025-11-26 23:20:00,42.0790,c,1
2025-11-20 18:22:00,MCX:SILVER25NOV155500CE,MCX:SILVER25DECFUT,3439.0000,155547,155500,2025-11-26 23:20:00,42.2910,c,1
2025-11-20 18:23:00,MCX:SILVER25NOV155500CE,MCX:SILVER25DECFUT,3439.0000,155577,155500,2025-11-26 23:20:00,42.1027,c,1
2025-11-20 18:24:00,MCX:SILVER25NOV155500CE,MCX:SILVER25DECFUT,3439.0000,155546,155500,2025-11-26 23:20:00,42.3020,c,1
2025-11-20 18:25:00,MCX:SILVER25NOV155500CE,MCX:SILVER25DECFUT,3439.0000,155625,155500,2025-11-26 23:20:00,41.8014,c,1
2025-11-20 18:26:00,MCX:SILVER25NOV155500CE,MCX:SILVER25DECFUT,3439.0000,155668,155500,2025-11-26 23:20:00,41.5284,c,1
2025-11-20 18:27:00,MCX:SILVER25NOV155500CE,MCX:SILVER25DECFUT,3439.0000,155670,155500,2025-11-26 23:20:00,41.5179,c,1
2025-11-20 18:28:00,MCX:SILVER25NOV155500CE,MCX:SILVER25DECFUT,3439.0000,155630,155500,2025-11-26 23:20:00,41.7764,c,1
2025-11-20 18:29:00,MCX:SILVER25NOV155500CE,MCX:SILVER25DECFUT,3439.0000,155821,155500,2025-11-26 23:20:00,40.5470,c,1
2025-11-20 18:30:00,MCX:SILVER25NOV155500CE,MCX:SILVER25DECFUT,3439.0000,155931,155500,2025-11-26 23:20:00,39.8297,c,1
2025-11-20 18:31:00,MCX:SILVER25NOV155500CE,MCX:SILVER25DECFUT,3439.0000,155930,155500,2025-11-26 23:20:00,39.8385,c,1
2025-11-20 18:32:00,MCX:SILVER25NOV155500CE,MCX:SILVER25DECFUT,3439.0000,155850,155500,2025-11-26 23:20:00,40.3648,c,1
2025-11-20 18:33:00,MCX:SILVER25NOV155500CE,MCX:SILVER25DECFUT,3439.0000,155898,155500,2025-11-26 23:20:00,40.0531,c,1
2025-11-20 18:34:00,MCX:SILVER25NOV155500CE,MCX:SILVER25DECFUT,3439.0000,156019,155500,2025-11-26 23:20:00,39.2572,c,1
2025-11-20 18:35:00,MCX:SILVER25NOV155500CE,MCX:SILVER25DECFUT,3439.0000,156088,155500,2025-11-26 23:20:00,38.7997,c,1
2025-11-20 18:36:00,MCX:SILVER25NOV155500CE,MCX:SILVER25DECFUT,3439.0000,156235,155500,2025-11-26 23:20:00,37.8111,c,1
2025-11-20 18:37:00,MCX:SILVER25NOV155500CE,MCX:SILVER25DECFUT,3439.0000,156133,155500,2025-11-26 23:20:00,38.5024,c,1
2025-11-20 18:38:00,MCX:SILVER25NOV155500CE,MCX:SILVER25DECFUT,3439.0000,155968,155500,2025-11-26 23:20:00,39.6036,c,1
2025-11-20 18:39:00,MCX:SILVER25NOV155500CE,MCX:SILVER25DECFUT,3439.0000,156143,155500,2025-11-26 23:20:00,38.4395,c,1
2025-11-20 18:40:00,MCX:SILVER25NOV155500CE,MCX:SILVER25DECFUT,3439.0000,155846,155500,2025-11-26 23:20:00,40.4089,c,1
2025-11-20 18:41:00,MCX:SILVER25NOV155500CE,MCX:SILVER25DECFUT,3439.0000,155741,155500,2025-11-26 23:20:00,41.0931,c,1
2025-11-20 18:42:00,MCX:SILVER25NOV155500CE,MCX:SILVER25DECFUT,3439.0000,155930,155500,2025-11-26 23:20:00,39.8630,c,1
2025-11-20 18:43:00,MCX:SILVER25NOV155500CE,MCX:SILVER25DECFUT,3439.0000,155965,155500,2025-11-26 23:20:00,39.6345,c,1
2025-11-20 18:44:00,MCX:SILVER25NOV155500CE,MCX:SILVER25DECFUT,3439.0000,155945,155500,2025-11-26 23:20:00,39.7686,c,1
2025-11-20 18:45:00,MCX:SILVER25NOV155500CE,MCX:SILVER25DECFUT,3439.0000,155983,155500,2025-11-26 23:20:00,39.5199,c,1
2025-11-20 18:46:00,MCX:SILVER25NOV155500CE,MCX:SILVER25DECFUT,3439.0000,156024,155500,2025-11-26 23:20:00,39.2503,c,1
2025-11-20 18:47:00,MCX:SILVER25NOV155500CE,MCX:SILVER25DECFUT,3439.0000,156098,155500,2025-11-26 23:20:00,38.7588,c,1
2025-11-20 18:48:00,MCX:SILVER25NOV155500CE,MCX:SILVER25DECFUT,3439.0000,155834,155500,2025-11-26 23:20:00,40.5053,c,1
2025-11-20 18:49:00,MCX:SILVER25NOV155500CE,MCX:SILVER25DECFUT,3439.0000,155915,155500,2025-11-26 23:20:00,39.9773,c,1
2025-11-20 18:50:00,MCX:SILVER25NOV155500CE,MCX:SILVER25DECFUT,3190.0000,155863,155500,2025-11-26 23:20:00,37.2317,c,1
2025-11-20 18:51:00,MCX:SILVER25NOV155500CE,MCX:SILVER25DECFUT,3190.0000,155607,155500,2025-11-26 23:20:00,38.8887,c,1
2025-11-20 18:52:00,MCX:SILVER25NOV155500CE,MCX:SILVER25DECFUT,3190.0000,155463,155500,2025-11-26 23:20:00,39.8040,c,1
2025-11-20 18:53:00,MCX:SILVER25NOV155500CE,MCX:SILVER25DECFUT,3190.0000,155453,155500,2025-11-26 23:20:00,39.8692,c,1
2025-11-20 18:54:00,MCX:SILVER25NOV155500CE,MCX:SILVER25DECFUT,3190.0000,155439,155500,2025-11-26 23:20:00,39.9595,c,1
2025-11-20 18:55:00,MCX:SILVER25NOV155500CE,MCX:SILVER25DECFUT,3190.0000,155192,155500,2025-11-26 23:20:00,41.4982,c,1
2025-11-20 18:56:00,MCX:SILVER25NOV155500CE,MCX:SILVER25DECFUT,3190.0000,155394,155500,2025-11-26 23:20:00,40.2463,c,1
2025-11-20 18:57:00,MCX:SILVER25NOV155500CE,MCX:SILVER25DECFUT,3190.0000,155550,155500,2025-11-26 23:20:00,39.2648,c,1
2025-11-20 18:58:00,MCX:SILVER25NOV155500CE,MCX:SILVER25DECFUT,2812.0000,155350,155500,2025-11-26 23:20:00,35.8313,c,1
2025-11-20 18:59:00,MCX:SILVER25NOV155500CE,MCX:SILVER25DECFUT,2724.0000,155267,155500,2025-11-26 23:20:00,35.2533,c,1
2025-11-20 19:00:00,MCX:SILVER25NOV155500CE,MCX:SILVER25DECFUT,2710.0000,155171,155500,2025-11-26 23:20:00,35.6693,c,1
2025-11-20 19:01:00,MCX:SILVER25NOV155500CE,MCX:SILVER25DECFUT,2710.0000,155330,155500,2025-11-26 23:20:00,34.6943,c,1
2025-11-20 19:02:00,MCX:SILVER25NOV155500CE,MCX:SILVER25DECFUT,2710.0000,155285,155500,2025-11-26 23:20:00,34.9743,c,1
2025-11-20 19:03:00,MCX:SILVER25NOV155500CE,MCX:SILVER25DECFUT,2710.0000,154903,155500,2025-11-26 23:20:00,37.2900,c,1
2025-11-20 19:04:00,MCX:SILVER25NOV155500CE,MCX:SILVER25DECFUT,2710.0000,154765,155500,2025-11-26 23:20:00,38.1093,c,1
2025-11-20 19:05:00,MCX:SILVER25NOV155500CE,MCX:SILVER25DECFUT,2710.0000,155025,155500,2025-11-26 23:20:00,36.5638,c,1
2025-11-20 19:06:00,MCX:SILVER25NOV155500CE,MCX:SILVER25DECFUT,2710.0000,155300,155500,2025-11-26 23:20:00,34.8896,c,1
2025-11-20 19:07:00,MCX:SILVER25NOV155500CE,MCX:SILVER25DECFUT,2710.0000,155486,155500,2025-11-26 23:20:00,33.7318,c,1
2025-11-20 19:08:00,MCX:SILVER25NOV155500CE,MCX:SILVER25DECFUT,2710.0000,155645,155500,2025-11-26 23:20:00,32.7236,c,1
2025-11-20 19:09:00,MCX:SILVER25NOV155500CE,MCX:SILVER25DECFUT,2710.0000,155651,155500,2025-11-26 23:20:00,32.6870,c,1
2025-11-20 19:10:00,MCX:SILVER25NOV155500CE,MCX:SILVER25DECFUT,2710.0000,155476,155500,2025-11-26 23:20:00,33.8004,c,1
2025-11-20 19:11:00,MCX:SILVER25NOV155500CE,MCX:SILVER25DECFUT,2640.5000,155337,155500,2025-11-26 23:20:00,33.8065,c,1
2025-11-20 19:12:00,MCX:SILVER25NOV155500CE,MCX:SILVER25DECFUT,2640.5000,155569,155500,2025-11-26 23:20:00,32.3531,c,1
2025-11-20 19:13:00,MCX:SILVER25NOV155500CE,MCX:SILVER25DECFUT,2640.5000,155571,155500,2025-11-26 23:20:00,32.3422,c,1
2025-11-20 19:14:00,MCX:SILVER25NOV155500CE,MCX:SILVER25DECFUT,2640.5000,155250,155500,2025-11-26 23:20:00,34.3489,c,1
2025-11-20 19:15:00,MCX:SILVER25NOV155500CE,MCX:SILVER25DECFUT,2640.5000,155316,155500,2025-11-26 23:20:00,33.9441,c,1
2025-11-20 19:16:00,MCX:SILVER25NOV155500CE,MCX:SILVER25DECFUT,2620.0000,155087,155500,2025-11-26 23:20:00,35.0906,c,1
2025-11-20 19:17:00,MCX:SILVER25NOV155500CE,MCX:SILVER25DECFUT,2620.0000,155319,155500,2025-11-26 23:20:00,33.6744,c,1
2025-11-20 19:18:00,MCX:SILVER25NOV155500CE,MCX:SILVER25DECFUT,2620.0000,155476,155500,2025-11-26 23:20:00,32.6973,c,1
2025-11-20 19:19:00,MCX:SILVER25NOV155500CE,MCX:SILVER25DECFUT,2620.0000,155610,155500,2025-11-26 23:20:00,31.8498,c,1
2025-11-20 19:20:00,MCX:SILVER25NOV155500CE,MCX:SILVER25DECFUT,2620.0000,155685,155500,2025-11-26 23:20:00,31.3704,c,1
2025-11-20 19:21:00,MCX:SILVER25NOV155500CE,MCX:SILVER25DECFUT,2620.0000,155494,155500,2025-11-26 23:20:00,32.5894,c,1
2025-11-20 19:22:00,MCX:SILVER25NOV155500CE,MCX:SILVER25DECFUT,2750.0000,155480,155500,2025-11-26 23:20:00,34.2951,c,1
2025-11-20 19:23:00,MCX:SILVER25NOV155500CE,MCX:SILVER25DECFUT,2750.0000,155412,155500,2025-11-26 23:20:00,34.7239,c,1
2025-11-20 19:24:00,MCX:SILVER25NOV155500CE,MCX:SILVER25DECFUT,2750.0000,155200,155500,2025-11-26 23:20:00,36.0381,c,1
2025-11-20 19:25:00,MCX:SILVER25NOV155500CE,MCX:SILVER25DECFUT,2750.0000,155100,155500,2025-11-26 23:20:00,36.6500,c,1
2025-11-20 19:26:00,MCX:SILVER25NOV155500CE,MCX:SILVER25DECFUT,2750.0000,155152,155500,2025-11-26 23:20:00,36.3356,c,1
2025-11-20 19:27:00,MCX:SILVER25NOV155500CE,MCX:SILVER25DECFUT,2750.0000,155379,155500,2025-11-26 23:20:00,34.9378,c,1
2025-11-20 19:28:00,MCX:SILVER25NOV155500CE,MCX:SILVER25DECFUT,2750.0000,155513,155500,2025-11-26 23:20:00,34.0983,c,1
2025-11-20 19:29:00,MCX:SILVER25NOV155500CE,MCX:SILVER25DECFUT,2750.0000,155506,155500,2025-11-26 23:20:00,34.1445,c,1
2025-11-20 19:30:00,MCX:SILVER25NOV155500CE,MCX:SILVER25DECFUT,2750.0000,155278,155500,2025-11-26 23:20:00,35.5704,c,1
2025-11-20 19:31:00,MCX:SILVER25NOV155500CE,MCX:SILVER25DECFUT,2750.0000,155465,155500,2025-11-26 23:20:00,34.4069,c,1
2025-11-20 19:32:00,MCX:SILVER25NOV155500CE,MCX:SILVER25DECFUT,2750.0000,155206,155500,2025-11-26 23:20:00,36.0175,c,1
2025-11-20 19:33:00,MCX:SILVER25NOV155500CE,MCX:SILVER25DECFUT,2750.0000,155120,155500,2025-11-26 23:20:00,36.5449,c,1
2025-11-20 19:34:00,MCX:SILVER25NOV155500CE,MCX:SILVER25DECFUT,2750.0000,155081,155500,2025-11-26 23:20:00,36.7839,c,1
2025-11-20 19:35:00,MCX:SILVER25NOV155500CE,MCX:SILVER25DECFUT,2750.0000,155161,155500,2025-11-26 23:20:00,36.2990,c,1
2025-11-20 19:36:00,MCX:SILVER25NOV155500CE,MCX:SILVER25DECFUT,2750.0000,155299,155500,2025-11-26 23:20:00,35.4526,c,1
2025-11-20 19:37:00,MCX:SILVER25NOV155500CE,MCX:SILVER25DECFUT,2750.0000,155255,155500,2025-11-26 23:20:00,35.7263,c,1
2025-11-20 19:38:00,MCX:SILVER25NOV155500CE,MCX:SILVER25DECFUT,2750.0000,155321,155500,2025-11-26 23:20:00,35.3202,c,1
2025-11-20 19:39:00,MCX:SILVER25NOV155500CE,MCX:SILVER25DECFUT,2750.0000,155345,155500,2025-11-26 23:20:00,35.1732,c,1
2025-11-20 19:40:00,MCX:SILVER25NOV155500CE,MCX:SILVER25DECFUT,2750.0000,155345,155500,2025-11-26 23:20:00,35.1751,c,1
2025-11-20 19:41:00,MCX:SILVER25NOV155500CE,MCX:SILVER25DECFUT,2750.0000,155500,155500,2025-11-26 23:20:00,34.2054,c,1
2025-11-20 19:42:00,MCX:SILVER25NOV155500CE,MCX:SILVER25DECFUT,2750.0000,155275,155500,2025-11-26 23:20:00,35.6130,c,1
2025-11-20 19:43:00,MCX:SILVER25NOV155500CE,MCX:SILVER25DECFUT,2750.0000,155345,155500,2025-11-26 23:20:00,35.1811,c,1
2025-11-20 19:44:00,MCX:SILVER25NOV155500CE,MCX:SILVER25DECFUT,2750.0000,155417,155500,2025-11-26 23:20:00,34.7336,c,1
2025-11-20 19:45:00,MCX:SILVER25NOV155500CE,MCX:SILVER25DECFUT,2750.0000,155431,155500,2025-11-26 23:20:00,34.6477,c,1
2025-11-20 19:46:00,MCX:SILVER25NOV155500CE,MCX:SILVER25DECFUT,2750.0000,155485,155500,2025-11-26 23:20:00,34.3098,c,1
2025-11-20 19:47:00,MCX:SILVER25NOV155500CE,MCX:SILVER25DECFUT,2750.0000,155565,155500,2025-11-26 23:20:00,33.8046,c,1
2025-11-20 19:48:00,MCX:SILVER25NOV155500CE,MCX:SILVER25DECFUT,2750.0000,155499,155500,2025-11-26 23:20:00,34.2252,c,1
2025-11-20 19:49:00,MCX:SILVER25NOV155500CE,MCX:SILVER25DECFUT,2750.0000,155519,155500,2025-11-26 23:20:00,34.1006,c,1
2025-11-20 19:50:00,MCX:SILVER25NOV155500CE,MCX:SILVER25DECFUT,2750.0000,155437,155500,2025-11-26 23:20:00,34.6198,c,1
2025-11-20 19:51:00,MCX:SILVER25NOV155500CE,MCX:SILVER25DECFUT,2750.0000,155398,155500,2025-11-26 23:20:00,34.8662,c,1
2025-11-20 19:52:00,MCX:SILVER25NOV155500CE,MCX:SILVER25DECFUT,2750.0000,155389,155500,2025-11-26 23:20:00,34.9245,c,1
2025-11-20 19:53:00,MCX:SILVER25NOV155500CE,MCX:SILVER25DECFUT,2750.0000,155272,155500,2025-11-26 23:20:00,35.6536,c,1
2025-11-20 19:54:00,MCX:SILVER25NOV155500CE,MCX:SILVER25DECFUT,2750.0000,155241,155500,2025-11-26 23:20:00,35.8469,c,1
2025-11-20 19:55:00,MCX:SILVER25NOV155500CE,MCX:SILVER25DECFUT,2750.0000,155383,155500,2025-11-26 23:20:00,34.9679,c,1
2025-11-20 19:56:00,MCX:SILVER25NOV155500CE,MCX:SILVER25DECFUT,2750.0000,155376,155500,2025-11-26 23:20:00,35.0136,c,1
2025-11-20 19:57:00,MCX:SILVER25NOV155500CE,MCX:SILVER25DECFUT,2750.0000,155392,155500,2025-11-26 23:20:00,34.9156,c,1
2025-11-20 19:58:00,MCX:SILVER25NOV155500CE,MCX:SILVER25DECFUT,2750.0000,155368,155500,2025-11-26 23:20:00,35.0675,c,1
2025-11-20 19:59:00,MCX:SILVER25NOV155500CE,MCX:SILVER25DECFUT,2750.0000,155205,155500,2025-11-26 23:20:00,36.0784,c,1
2025-11-20 20:00:00,MCX:SILVER25NOV155500CE,MCX:SILVER25DECFUT,2750.0000,155185,155500,2025-11-26 23:20:00,36.2032,c,1
2025-11-20 20:01:00,MCX:SILVER25NOV155500CE,MCX:SILVER25DECFUT,2750.0000,155008,155500,2025-11-26 23:20:00,37.2818,c,1
2025-11-20 20:02:00,MCX:SILVER25NOV155500CE,MCX:SILVER25DECFUT,2750.0000,154942,155500,2025-11-26 23:20:00,37.6810,c,1
2025-11-20 20:03:00,MCX:SILVER25NOV155500CE,MCX:SILVER25DECFUT,2750.0000,155173,155500,2025-11-26 23:20:00,36.2829,c,1
2025-11-20 20:04:00,MCX:SILVER25NOV155500CE,MCX:SILVER25DECFUT,2750.0000,155088,155500,2025-11-26 23:20:00,36.8035,c,1
2025-11-20 20:05:00,MCX:SILVER25NOV155500CE,MCX:SILVER25DECFUT,2750.0000,154981,155500,2025-11-26 23:20:00,37.4529,c,1
2025-11-20 20:06:00,MCX:SILVER25NOV155500CE,MCX:SILVER25DECFUT,2750.0000,155051,155500,2025-11-26 23:20:00,37.0322,c,1
2025-11-20 20:07:00,MCX:SILVER25NOV155500CE,MCX:SILVER25DECFUT,2750.0000,155203,155500,2025-11-26 23:20:00,36.1070,c,1
2025-11-20 20:08:00,MCX:SILVER25NOV155500CE,MCX:SILVER25DECFUT,2750.0000,155087,155500,2025-11-26 23:20:00,36.8179,c,1
2025-11-20 20:09:00,MCX:SILVER25NOV155500CE,MCX:SILVER25DECFUT,2750.0000,155087,155500,2025-11-26 23:20:00,36.8200,c,1
2025-11-20 20:10:00,MCX:SILVER25NOV155500CE,MCX:SILVER25DECFUT,2750.0000,155036,155500,2025-11-26 23:20:00,37.1314,c,1
2025-11-20 20:11:00,MCX:SILVER25NOV155500CE,MCX:SILVER25DECFUT,2750.0000,155071,155500,2025-11-26 23:20:00,36.9214,c,1
2025-11-20 20:12:00,MCX:SILVER25NOV155500CE,MCX:SILVER25DECFUT,2750.0000,155273,155500,2025-11-26 23:20:00,35.6856,c,1
2025-11-20 20:13:00,MCX:SILVER25NOV155500CE,MCX:SILVER25DECFUT,2750.0000,155442,155500,2025-11-26 23:20:00,34.6333,c,1
2025-11-20 20:14:00,MCX:SILVER25NOV155500CE,MCX:SILVER25DECFUT,2750.0000,155444,155500,2025-11-26 23:20:00,34.6226,c,1
2025-11-20 20:15:00,MCX:SILVER25NOV155500CE,MCX:SILVER25DECFUT,2750.0000,155563,155500,2025-11-26 23:20:00,33.8708,c,1
2025-11-20 20:16:00,MCX:SILVER25NOV155500CE,MCX:SILVER25DECFUT,2750.0000,155806,155500,2025-11-26 23:20:00,32.3016,c,1
2025-11-20 20:17:00,MCX:SILVER25NOV155500CE,MCX:SILVER25DECFUT,2750.0000,155895,155500,2025-11-26 23:20:00,31.7163,c,1
2025-11-20 20:18:00,MCX:SILVER25NOV155500CE,MCX:SILVER25DECFUT,2750.0000,156050,155500,2025-11-26 23:20:00,30.6790,c,1
2025-11-20 20:19:00,MCX:SILVER25NOV155500CE,MCX:SILVER25DECFUT,2750.0000,156302,155500,2025-11-26 23:20:00,28.9407,c,1
2025-11-20 20:20:00,MCX:SILVER25NOV155500CE,MCX:SILVER25DECFUT,2750.0000,156419,155500,2025-11-26 23:20:00,28.1102,c,1
2025-11-20 20:21:00,MCX:SILVER25NOV155500CE,MCX:SILVER25DECFUT,2750.0000,156176,155500,2025-11-26 23:20:00,29.8224,c,1
2025-11-20 20:22:00,MCX:SILVER25NOV155500CE,MCX:SILVER25DECFUT,2750.0000,156205,155500,2025-11-26 23:20:00,29.6235,c,1
2025-11-20 20:23:00,MCX:SILVER25NOV155500CE,MCX:SILVER25DECFUT,2750.0000,156100,155500,2025-11-26 23:20:00,30.3476,c,1
2025-11-20 20:24:00,MCX:SILVER25NOV155500CE,MCX:SILVER25DECFUT,2750.0000,155956,155500,2025-11-26 23:20:00,31.3224,c,1
2025-11-20 20:25:00,MCX:SILVER25NOV155500CE,MCX:SILVER25DECFUT,2750.0000,155703,155500,2025-11-26 23:20:00,32.9898,c,1
2025-11-20 20:26:00,MCX:SILVER25NOV155500CE,MCX:SILVER25DECFUT,2750.0000,155901,155500,2025-11-26 23:20:00,31.6926,c,1
2025-11-20 20:27:00,MCX:SILVER25NOV155500CE,MCX:SILVER25DECFUT,2750.0000,155704,155500,2025-11-26 23:20:00,32.9870,c,1
2025-11-20 20:28:00,MCX:SILVER25NOV155500CE,MCX:SILVER25DECFUT,2750.0000,155784,155500,2025-11-26 23:20:00,32.4677,c,1
2025-11-20 20:29:00,MCX:SILVER25NOV155500CE,MCX:SILVER25DECFUT,2750.0000,155803,155500,2025-11-26 23:20:00,32.3450,c,1
2025-11-20 20:30:00,MCX:SILVER25NOV155500CE,MCX:SILVER25DECFUT,2750.0000,155670,155500,2025-11-26 23:20:00,33.2127,c,1
2025-11-20 20:31:00,MCX:SILVER25NOV155500CE,MCX:SILVER25DECFUT,2750.0000,155900,155500,2025-11-26 23:20:00,31.7082,c,1
2025-11-20 20:32:00,MCX:SILVER25NOV155500CE,MCX:SILVER25DECFUT,2750.0000,155796,155500,2025-11-26 23:20:00,32.3965,c,1
2025-11-20 20:33:00,MCX:SILVER25NOV155500CE,MCX:SILVER25DECFUT,2750.0000,155870,155500,2025-11-26 23:20:00,31.9108,c,1
2025-11-20 20:34:00,MCX:SILVER25NOV155500CE,MCX:SILVER25DECFUT,2750.0000,155830,155500,2025-11-26 23:20:00,32.1767,c,1
2025-11-20 20:35:00,MCX:SILVER25NOV155500CE,MCX:SILVER25DECFUT,2750.0000,155790,155500,2025-11-26 23:20:00,32.4413,c,1
2025-11-20 20:36:00,MCX:SILVER25NOV155500CE,MCX:SILVER25DECFUT,2750.0000,155464,155500,2025-11-26 23:20:00,34.5395,c,1
2025-11-20 20:37:00,MCX:SILVER25NOV155500CE,MCX:SILVER25DECFUT,2770.5000,155531,155500,2025-11-26 23:20:00,34.3727,c,1
2025-11-20 20:38:00,MCX:SILVER25NOV155500CE,MCX:SILVER25DECFUT,2770.5000,155330,155500,2025-11-26 23:20:00,35.6400,c,1
2025-11-20 20:39:00,MCX:SILVER25NOV155500CE,MCX:SILVER25DECFUT,2770.5000,155442,155500,2025-11-26 23:20:00,34.9401,c,1
2025-11-20 20:40:00,MCX:SILVER25NOV155500CE,MCX:SILVER25DECFUT,2770.5000,155580,155500,2025-11-26 23:20:00,34.0659,c,1
2025-11-20 20:41:00,MCX:SILVER25NOV155500CE,MCX:SILVER25DECFUT,2770.5000,155628,155500,2025-11-26 23:20:00,33.7599,c,1
2025-11-20 20:42:00,MCX:SILVER25NOV155500CE,MCX:SILVER25DECFUT,2770.5000,155500,155500,2025-11-26 23:20:00,34.5793,c,1
2025-11-20 20:43:00,MCX:SILVER25NOV155500CE,MCX:SILVER25DECFUT,2780.0000,155574,155500,2025-11-26 23:20:00,34.2286,c,1
2025-11-20 20:44:00,MCX:SILVER25NOV155500CE,MCX:SILVER25DECFUT,2780.0000,155576,155500,2025-11-26 23:20:00,34.2178,c,1
2025-11-20 20:45:00,MCX:SILVER25NOV155500CE,MCX:SILVER25DECFUT,2780.0000,155667,155500,2025-11-26 23:20:00,33.6347,c,1
2025-11-20 20:46:00,MCX:SILVER25NOV155500CE,MCX:SILVER25DECFUT,2780.0000,155635,155500,2025-11-26 23:20:00,33.8430,c,1
2025-11-20 20:47:00,MCX:SILVER25NOV155500CE,MCX:SILVER25DECFUT,2780.0000,155720,155500,2025-11-26 23:20:00,33.2950,c,1
2025-11-20 20:48:00,MCX:SILVER25NOV155500CE,MCX:SILVER25DECFUT,2780.0000,155728,155500,2025-11-26 23:20:00,33.2448,c,1
2025-11-20 20:49:00,MCX:SILVER25NOV155500CE,MCX:SILVER25DECFUT,2780.0000,155728,155500,2025-11-26 23:20:00,33.2467,c,1
2025-11-20 20:50:00,MCX:SILVER25NOV155500CE,MCX:SILVER25DECFUT,2741.0000,155705,155500,2025-11-26 23:20:00,32.9111,c,1
2025-11-20 20:51:00,MCX:SILVER25NOV155500CE,MCX:SILVER25DECFUT,2741.0000,155600,155500,2025-11-26 23:20:00,33.5906,c,1
2025-11-20 20:52:00,MCX:SILVER25NOV155500CE,MCX:SILVER25DECFUT,2741.0000,155600,155500,2025-11-26 23:20:00,33.5925,c,1
2025-11-20 20:53:00,MCX:SILVER25NOV155500CE,MCX:SILVER25DECFUT,2741.0000,155625,155500,2025-11-26 23:20:00,33.4338,c,1
2025-11-20 20:54:00,MCX:SILVER25NOV155500CE,MCX:SILVER25DECFUT,2741.0000,155686,155500,2025-11-26 23:20:00,33.0419,c,1
2025-11-20 20:55:00,MCX:SILVER25NOV155500CE,MCX:SILVER25DECFUT,2741.0000,155670,155500,2025-11-26 23:20:00,33.1473,c,1
2025-11-20 20:56:00,MCX:SILVER25NOV155500CE,MCX:SILVER25DECFUT,2741.0000,155900,155500,2025-11-26 23:20:00,31.6406,c,1
2025-11-20 20:57:00,MCX:SILVER25NOV155500CE,MCX:SILVER25DECFUT,2741.0000,155900,155500,2025-11-26 23:20:00,31.6424,c,1
2025-11-20 20:58:00,MCX:SILVER25NOV155500CE,MCX:SILVER25DECFUT,2741.0000,155806,155500,2025-11-26 23:20:00,32.2660,c,1
2025-11-20 20:59:00,MCX:SILVER25NOV155500CE,MCX:SILVER25DECFUT,2741.0000,155830,155500,2025-11-26 23:20:00,32.1098,c,1
2025-11-20 21:00:00,MCX:SILVER25NOV155500CE,MCX:SILVER25DECFUT,2741.0000,155797,155500,2025-11-26 23:20:00,32.3289,c,1
2025-11-20 21:01:00,MCX:SILVER25NOV155500CE,MCX:SILVER25DECFUT,2741.0000,155761,155500,2025-11-26 23:20:00,32.5667,c,1
2025-11-20 21:02:00,MCX:SILVER25NOV155500CE,MCX:SILVER25DECFUT,2741.0000,155670,155500,2025-11-26 23:20:00,33.1605,c,1
2025-11-20 21:03:00,MCX:SILVER25NOV155500CE,MCX:SILVER25DECFUT,2741.0000,155329,155500,2025-11-26 23:20:00,35.3278,c,1
2025-11-20 21:04:00,MCX:SILVER25NOV155500CE,MCX:SILVER25DECFUT,2741.0000,155093,155500,2025-11-26 23:20:00,36.7854,c,1
2025-11-20 21:05:00,MCX:SILVER25NOV155500CE,MCX:SILVER25DECFUT,2741.0000,155133,155500,2025-11-26 23:20:00,36.5430,c,1
2025-11-20 21:06:00,MCX:SILVER25NOV155500CE,MCX:SILVER25DECFUT,2741.0000,155100,155500,2025-11-26 23:20:00,36.7469,c,1
2025-11-20 21:07:00,MCX:SILVER25NOV155500CE,MCX:SILVER25DECFUT,2741.0000,155100,155500,2025-11-26 23:20:00,36.7490,c,1
2025-11-20 21:08:00,MCX:SILVER25NOV155500CE,MCX:SILVER25DECFUT,2741.0000,155100,155500,2025-11-26 23:20:00,36.7511,c,1
2025-11-20 21:09:00,MCX:SILVER25NOV155500CE,MCX:SILVER25DECFUT,2741.0000,155281,155500,2025-11-26 23:20:00,35.6387,c,1
2025-11-20 21:10:00,MCX:SILVER25NOV155500CE,MCX:SILVER25DECFUT,2741.0000,155360,155500,2025-11-26 23:20:00,35.1481,c,1
2025-11-20 21:11:00,MCX:SILVER25NOV155500CE,MCX:SILVER25DECFUT,2741.0000,155241,155500,2025-11-26 23:20:00,35.8907,c,1
2025-11-20 21:12:00,MCX:SILVER25NOV155500CE,MCX:SILVER25DECFUT,2741.0000,155303,155500,2025-11-26 23:20:00,35.5079,c,1
2025-11-20 21:13:00,MCX:SILVER25NOV155500CE,MCX:SILVER25DECFUT,2741.0000,155379,155500,2025-11-26 23:20:00,35.0351,c,1
2025-11-20 21:14:00,MCX:SILVER25NOV155500CE,MCX:SILVER25DECFUT,2741.0000,155435,155500,2025-11-26 23:20:00,34.6848,c,1
2025-11-20 21:15:00,MCX:SILVER25NOV155500CE,MCX:SILVER25DECFUT,2741.0000,155355,155500,2025-11-26 23:20:00,35.1894,c,1
2025-11-20 21:16:00,MCX:SILVER25NOV155500CE,MCX:SILVER25DECFUT,2741.0000,155268,155500,2025-11-26 23:20:00,35.7336,c,1
2025-11-20 21:17:00,MCX:SILVER25NOV155500CE,MCX:SILVER25DECFUT,2741.0000,155316,155500,2025-11-26 23:20:00,35.4370,c,1
2025-11-20 21:18:00,MCX:SILVER25NOV155500CE,MCX:SILVER25DECFUT,2741.0000,155155,155500,2025-11-26 23:20:00,36.4351,c,1
2025-11-20 21:19:00,MCX:SILVER25NOV155500CE,MCX:SILVER25DECFUT,2741.0000,155286,155500,2025-11-26 23:20:00,35.6279,c,1
2025-11-20 21:20:00,MCX:SILVER25NOV155500CE,MCX:SILVER25DECFUT,2741.0000,155364,155500,2025-11-26 23:20:00,35.1431,c,1
2025-11-20 21:21:00,MCX:SILVER25NOV155500CE,MCX:SILVER25DECFUT,2741.0000,155378,155500,2025-11-26 23:20:00,35.0573,c,1
2025-11-20 21:22:00,MCX:SILVER25NOV155500CE,MCX:SILVER25DECFUT,2741.0000,155293,155500,2025-11-26 23:20:00,35.5904,c,1
2025-11-20 21:23:00,MCX:SILVER25NOV155500CE,MCX:SILVER25DECFUT,2741.0000,155466,155500,2025-11-26 23:20:00,34.5065,c,1
2025-11-20 21:24:00,MCX:SILVER25NOV155500CE,MCX:SILVER25DECFUT,2673.5000,155366,155500,2025-11-26 23:20:00,34.2934,c,1
2025-11-20 21:25:00,MCX:SILVER25NOV155500CE,MCX:SILVER25DECFUT,2673.5000,155366,155500,2025-11-26 23:20:00,34.2953,c,1
2025-11-20 21:26:00,MCX:SILVER25NOV155500CE,MCX:SILVER25DECFUT,2673.5000,155150,155500,2025-11-26 23:20:00,35.6357,c,1
2025-11-20 21:27:00,MCX:SILVER25NOV155500CE,MCX:SILVER25DECFUT,2673.5000,155100,155500,2025-11-26 23:20:00,35.9436,c,1
2025-11-20 21:28:00,MCX:SILVER25NOV155500CE,MCX:SILVER25DECFUT,2673.5000,155098,155500,2025-11-26 23:20:00,35.9579,c,1
2025-11-20 21:29:00,MCX:SILVER25NOV155500CE,MCX:SILVER25DECFUT,2673.5000,154900,155500,2025-11-26 23:20:00,37.1577,c,1
2025-11-20 21:30:00,MCX:SILVER25NOV155500CE,MCX:SILVER25DECFUT,2439.5000,154800,155500,2025-11-26 23:20:00,34.8075,c,1
2025-11-20 21:31:00,MCX:SILVER25NOV155500CE,MCX:SILVER25DECFUT,2439.5000,154976,155500,2025-11-26 23:20:00,33.7623,c,1
2025-11-20 21:32:00,MCX:SILVER25NOV155500CE,MCX:SILVER25DECFUT,2439.5000,155081,155500,2025-11-26 23:20:00,33.1310,c,1
2025-11-20 21:33:00,MCX:SILVER25NOV155500CE,MCX:SILVER25DECFUT,2439.5000,155018,155500,2025-11-26 23:20:00,33.5136,c,1
2025-11-20 21:34:00,MCX:SILVER25NOV155500CE,MCX:SILVER25DECFUT,2439.5000,155000,155500,2025-11-26 23:20:00,33.6239,c,1
2025-11-20 21:35:00,MCX:SILVER25NOV155500CE,MCX:SILVER25DECFUT,2439.5000,155087,155500,2025-11-26 23:20:00,33.1003,c,1
2025-11-20 21:36:00,MCX:SILVER25NOV155500CE,MCX:SILVER25DECFUT,2439.5000,155140,155500,2025-11-26 23:20:00,32.7799,c,1
2025-11-20 21:37:00,MCX:SILVER25NOV155500CE,MCX:SILVER25DECFUT,2439.5000,154927,155500,2025-11-26 23:20:00,34.0672,c,1
2025-11-20 21:38:00,MCX:SILVER25NOV155500CE,MCX:SILVER25DECFUT,2439.5000,155084,155500,2025-11-26 23:20:00,33.1242,c,1
2025-11-20 21:39:00,MCX:SILVER25NOV155500CE,MCX:SILVER25DECFUT,2439.5000,155087,155500,2025-11-26 23:20:00,33.1079,c,1
2025-11-20 21:40:00,MCX:SILVER25NOV155500CE,MCX:SILVER25DECFUT,2439.5000,155047,155500,2025-11-26 23:20:00,33.3520,c,1
2025-11-20 21:41:00,MCX:SILVER25NOV155500CE,MCX:SILVER25DECFUT,2439.5000,155095,155500,2025-11-26 23:20:00,33.0631,c,1
2025-11-20 21:42:00,MCX:SILVER25NOV155500CE,MCX:SILVER25DECFUT,2439.5000,154950,155500,2025-11-26 23:20:00,33.9393,c,1
2025-11-20 21:43:00,MCX:SILVER25NOV155500CE,MCX:SILVER25DECFUT,2439.5000,154968,155500,2025-11-26 23:20:00,33.8334,c,1
2025-11-20 21:44:00,MCX:SILVER25NOV155500CE,MCX:SILVER25DECFUT,2439.5000,154842,155500,2025-11-26 23:20:00,34.5867,c,1
2025-11-20 21:45:00,MCX:SILVER25NOV155500CE,MCX:SILVER25DECFUT,2439.5000,154906,155500,2025-11-26 23:20:00,34.2081,c,1
2025-11-20 21:46:00,MCX:SILVER25NOV155500CE,MCX:SILVER25DECFUT,2439.5000,154826,155500,2025-11-26 23:20:00,34.6855,c,1
2025-11-20 21:47:00,MCX:SILVER25NOV155500CE,MCX:SILVER25DECFUT,2439.5000,154905,155500,2025-11-26 23:20:00,34.2180,c,1
2025-11-20 21:48:00,MCX:SILVER25NOV155500CE,MCX:SILVER25DECFUT,2439.5000,154764,155500,2025-11-26 23:20:00,35.0557,c,1
2025-11-20 21:49:00,MCX:SILVER25NOV155500CE,MCX:SILVER25DECFUT,2300.0000,154735,155500,2025-11-26 23:20:00,33.4650,c,1
2025-11-20 21:50:00,MCX:SILVER25NOV155500CE,MCX:SILVER25DECFUT,2300.0000,154775,155500,2025-11-26 23:20:00,33.2327,c,1
2025-11-20 21:51:00,MCX:SILVER25NOV155500CE,MCX:SILVER25DECFUT,2388.0000,154697,155500,2025-11-26 23:20:00,34.8039,c,1
2025-11-20 21:52:00,MCX:SILVER25NOV155500CE,MCX:SILVER25DECFUT,2393.0000,154570,155500,2025-11-26 23:20:00,35.6078,c,1
2025-11-20 21:53:00,MCX:SILVER25NOV155500CE,MCX:SILVER25DECFUT,2393.0000,154647,155500,2025-11-26 23:20:00,35.1629,c,1
2025-11-20 21:54:00,MCX:SILVER25NOV155500CE,MCX:SILVER25DECFUT,2393.0000,154702,155500,2025-11-26 23:20:00,34.8439,c,1
2025-11-20 21:55:00,MCX:SILVER25NOV155500CE,MCX:SILVER25DECFUT,2393.0000,154653,155500,2025-11-26 23:20:00,35.1320,c,1
2025-11-20 21:56:00,MCX:SILVER25NOV155500CE,MCX:SILVER25DECFUT,2200.0000,154406,155500,2025-11-26 23:20:00,34.1014,c,1
2025-11-20 21:57:00,MCX:SILVER25NOV155500CE,MCX:SILVER25DECFUT,2200.0000,154633,155500,2025-11-26 23:20:00,32.8063,c,1
2025-11-20 21:58:00,MCX:SILVER25NOV155500CE,MCX:SILVER25DECFUT,2200.0000,154569,155500,2025-11-26 23:20:00,33.1764,c,1
2025-11-20 21:59:00,MCX:SILVER25NOV155500CE,MCX:SILVER25DECFUT,2200.0000,154460,155500,2025-11-26 23:20:00,33.8009,c,1
2025-11-20 22:00:00,MCX:SILVER25NOV155500CE,MCX:SILVER25DECFUT,2200.0000,154528,155500,2025-11-26 23:20:00,33.4151,c,1
2025-11-20 22:01:00,MCX:SILVER25NOV155500CE,MCX:SILVER25DECFUT,2200.0000,154246,155500,2025-11-26 23:20:00,35.0111,c,1
2025-11-20 22:02:00,MCX:SILVER25NOV155500CE,MCX:SILVER25DECFUT,2200.0000,154189,155500,2025-11-26 23:20:00,35.3311,c,1
2025-11-20 22:03:00,MCX:SILVER25NOV155500CE,MCX:SILVER25DECFUT,2162.0000,154180,155500,2025-11-26 23:20:00,34.8960,c,1
2025-11-20 22:04:00,MCX:SILVER25NOV155500CE,MCX:SILVER25DECFUT,2162.0000,154422,155500,2025-11-26 23:20:00,33.5419,c,1
2025-11-20 22:05:00,MCX:SILVER25NOV155500CE,MCX:SILVER25DECFUT,2162.0000,154417,155500,2025-11-26 23:20:00,33.5721,c,1
2025-11-20 22:06:00,MCX:SILVER25NOV155500CE,MCX:SILVER25DECFUT,2162.0000,154319,155500,2025-11-26 23:20:00,34.1262,c,1
2025-11-20 22:07:00,MCX:SILVER25NOV155500CE,MCX:SILVER25DECFUT,2162.0000,154364,155500,2025-11-26 23:20:00,33.8751,c,1
2025-11-20 22:08:00,MCX:SILVER25NOV155500CE,MCX:SILVER25DECFUT,2162.0000,154321,155500,2025-11-26 23:20:00,34.1189,c,1
2025-11-20 22:09:00,MCX:SILVER25NOV155500CE,MCX:SILVER25DECFUT,2162.0000,154300,155500,2025-11-26 23:20:00,34.2386,c,1
2025-11-20 22:10:00,MCX:SILVER25NOV155500CE,MCX:SILVER25DECFUT,2162.0000,154222,155500,2025-11-26 23:20:00,34.6764,c,1
2025-11-20 22:11:00,MCX:SILVER25NOV155500CE,MCX:SILVER25DECFUT,2162.0000,154150,155500,2025-11-26 23:20:00,35.0784,c,1
2025-11-20 22:12:00,MCX:SILVER25NOV155500CE,MCX:SILVER25DECFUT,2162.0000,154080,155500,2025-11-26 23:20:00,35.4673,c,1
2025-11-20 22:13:00,MCX:SILVER25NOV155500CE,MCX:SILVER25DECFUT,2162.0000,154160,155500,2025-11-26 23:20:00,35.0270,c,1
2025-11-20 22:14:00,MCX:SILVER25NOV155500CE,MCX:SILVER25DECFUT,2162.0000,154131,155500,2025-11-26 23:20:00,35.1897,c,1
2025-11-20 22:15:00,MCX:SILVER25NOV155500CE,MCX:SILVER25DECFUT,2162.0000,154300,155500,2025-11-26 23:20:00,34.2504,c,1
2025-11-20 22:16:00,MCX:SILVER25NOV155500CE,MCX:SILVER25DECFUT,2162.0000,154190,155500,2025-11-26 23:20:00,34.8664,c,1
2025-11-20 22:17:00,MCX:SILVER25NOV155500CE,MCX:SILVER25DECFUT,2162.0000,154185,155500,2025-11-26 23:20:00,34.8962,c,1
2025-11-20 22:18:00,MCX:SILVER25NOV155500CE,MCX:SILVER25DECFUT,2162.0000,154140,155500,2025-11-26 23:20:00,35.1479,c,1
2025-11-20 22:19:00,MCX:SILVER25NOV155500CE,MCX:SILVER25DECFUT,2162.0000,154033,155500,2025-11-26 23:20:00,35.7403,c,1
2025-11-20 22:20:00,MCX:SILVER25NOV155500CE,MCX:SILVER25DECFUT,2162.0000,154110,155500,2025-11-26 23:20:00,35.3179,c,1
2025-11-20 22:21:00,MCX:SILVER25NOV155500CE,MCX:SILVER25DECFUT,2162.0000,154265,155500,2025-11-26 23:20:00,34.4582,c,1
2025-11-20 22:22:00,MCX:SILVER25NOV155500CE,MCX:SILVER25DECFUT,2162.0000,154129,155500,2025-11-26 23:20:00,35.2169,c,1
2025-11-20 22:23:00,MCX:SILVER25NOV155500CE,MCX:SILVER25DECFUT,2162.0000,154027,155500,2025-11-26 23:20:00,35.7815,c,1
2025-11-20 22:24:00,MCX:SILVER25NOV155500CE,MCX:SILVER25DECFUT,2162.0000,153762,155500,2025-11-26 23:20:00,37.2267,c,1
2025-11-20 22:25:00,MCX:SILVER25NOV155500CE,MCX:SILVER25DECFUT,2162.0000,153714,155500,2025-11-26 23:20:00,37.4875,c,1
2025-11-20 22:26:00,MCX:SILVER25NOV155500CE,MCX:SILVER25DECFUT,2162.0000,153803,155500,2025-11-26 23:20:00,37.0093,c,1
2025-11-20 22:27:00,MCX:SILVER25NOV155500CE,MCX:SILVER25DECFUT,2162.0000,153768,155500,2025-11-26 23:20:00,37.2007,c,1
2025-11-20 22:28:00,MCX:SILVER25NOV155500CE,MCX:SILVER25DECFUT,2162.0000,153583,155500,2025-11-26 23:20:00,38.1961,c,1
2025-11-20 22:29:00,MCX:SILVER25NOV155500CE,MCX:SILVER25DECFUT,2162.0000,153490,155500,2025-11-26 23:20:00,38.6934,c,1
2025-11-20 22:30:00,MCX:SILVER25NOV155500CE,MCX:SILVER25DECFUT,2162.0000,153458,155500,2025-11-26 23:20:00,38.8654,c,1
2025-11-20 22:31:00,MCX:SILVER25NOV155500CE,MCX:SILVER25DECFUT,2162.0000,153402,155500,2025-11-26 23:20:00,39.1639,c,1
2025-11-20 22:32:00,MCX:SILVER25NOV155500CE,MCX:SILVER25DECFUT,2162.0000,153352,155500,2025-11-26 23:20:00,39.4299,c,1
2025-11-20 22:33:00,MCX:SILVER25NOV155500CE,MCX:SILVER25DECFUT,2162.0000,153459,155500,2025-11-26 23:20:00,38.8668,c,1
2025-11-20 22:34:00,MCX:SILVER25NOV155500CE,MCX:SILVER25DECFUT,2162.0000,153568,155500,2025-11-26 23:20:00,38.2893,c,1
2025-11-20 22:35:00,MCX:SILVER25NOV155500CE,MCX:SILVER25DECFUT,2162.0000,153350,155500,2025-11-26 23:20:00,39.4472,c,1
2025-11-20 22:36:00,MCX:SILVER25NOV155500CE,MCX:SILVER25DECFUT,2162.0000,153345,155500,2025-11-26 23:20:00,39.4758,c,1
2025-11-20 22:37:00,MCX:SILVER25NOV155500CE,MCX:SILVER25DECFUT,2162.0000,153223,155500,2025-11-26 23:20:00,40.1185,c,1
2025-11-20 22:38:00,MCX:SILVER25NOV155500CE,MCX:SILVER25DECFUT,2162.0000,153305,155500,2025-11-26 23:20:00,39.6908,c,1
2025-11-20 22:39:00,MCX:SILVER25NOV155500CE,MCX:SILVER25DECFUT,2162.0000,153431,155500,2025-11-26 23:20:00,39.0285,c,1
2025-11-20 22:40:00,MCX:SILVER25NOV155500CE,MCX:SILVER25DECFUT,2162.0000,153378,155500,2025-11-26 23:20:00,39.3109,c,1
2025-11-20 22:41:00,MCX:SILVER25NOV155500CE,MCX:SILVER25DECFUT,2162.0000,153300,155500,2025-11-26 23:20:00,39.7239,c,1
2025-11-20 22:42:00,MCX:SILVER25NOV155500CE,MCX:SILVER25DECFUT,2162.0000,153450,155500,2025-11-26 23:20:00,38.9346,c,1
2025-11-20 22:43:00,MCX:SILVER25NOV155500CE,MCX:SILVER25DECFUT,2162.0000,153450,155500,2025-11-26 23:20:00,38.9368,c,1
2025-11-20 22:44:00,MCX:SILVER25NOV155500CE,MCX:SILVER25DECFUT,2162.0000,153698,155500,2025-11-26 23:20:00,37.6146,c,1
2025-11-20 22:45:00,MCX:SILVER25NOV155500CE,MCX:SILVER25DECFUT,2162.0000,153800,155500,2025-11-26 23:20:00,37.0660,c,1
2025-11-20 22:46:00,MCX:SILVER25NOV155500CE,MCX:SILVER25DECFUT,2162.0000,153730,155500,2025-11-26 23:20:00,37.4465,c,1
2025-11-20 22:47:00,MCX:SILVER25NOV155500CE,MCX:SILVER25DECFUT,2162.0000,153826,155500,2025-11-26 23:20:00,36.9292,c,1
2025-11-20 22:48:00,MCX:SILVER25NOV155500CE,MCX:SILVER25DECFUT,2162.0000,153784,155500,2025-11-26 23:20:00,37.1590,c,1
2025-11-20 22:49:00,MCX:SILVER25NOV155500CE,MCX:SILVER25DECFUT,2162.0000,153735,155500,2025-11-26 23:20:00,37.4260,c,1
2025-11-20 22:50:00,MCX:SILVER25NOV155500CE,MCX:SILVER25DECFUT,2162.0000,153619,155500,2025-11-26 23:20:00,38.0518,c,1
2025-11-20 22:51:00,MCX:SILVER25NOV155500CE,MCX:SILVER25DECFUT,2162.0000,153908,155500,2025-11-26 23:20:00,36.4914,c,1
2025-11-20 22:52:00,MCX:SILVER25NOV155500CE,MCX:SILVER25DECFUT,2162.0000,153739,155500,2025-11-26 23:20:00,37.4108,c,1
2025-11-20 22:53:00,MCX:SILVER25NOV155500CE,MCX:SILVER25DECFUT,2162.0000,153919,155500,2025-11-26 23:20:00,36.4355,c,1
2025-11-20 22:54:00,MCX:SILVER25NOV155500CE,MCX:SILVER25DECFUT,1767.5000,153900,155500,2025-11-26 23:20:00,31.4108,c,1
2025-11-20 22:55:00,MCX:SILVER25NOV155500CE,MCX:SILVER25DECFUT,1767.5000,153780,155500,2025-11-26 23:20:00,32.0462,c,1
2025-11-20 22:56:00,MCX:SILVER25NOV155500CE,MCX:SILVER25DECFUT,1767.5000,153767,155500,2025-11-26 23:20:00,32.1164,c,1
2025-11-20 22:57:00,MCX:SILVER25NOV155500CE,MCX:SILVER25DECFUT,1767.5000,153784,155500,2025-11-26 23:20:00,32.0289,c,1
2025-11-20 22:58:00,MCX:SILVER25NOV155500CE,MCX:SILVER25DECFUT,1767.5000,153800,155500,2025-11-26 23:20:00,31.9465,c,1
2025-11-20 22:59:00,MCX:SILVER25NOV155500CE,MCX:SILVER25DECFUT,1767.5000,153799,155500,2025-11-26 23:20:00,31.9536,c,1
2025-11-20 23:00:00,MCX:SILVER25NOV155500CE,MCX:SILVER25DECFUT,1767.5000,153874,155500,2025-11-26 23:20:00,31.5594,c,1
2025-11-20 23:01:00,MCX:SILVER25NOV155500CE,MCX:SILVER25DECFUT,1767.5000,153750,155500,2025-11-26 23:20:00,32.2149,c,1
2025-11-20 23:02:00,MCX:SILVER25NOV155500CE,MCX:SILVER25DECFUT,1767.5000,153710,155500,2025-11-26 23:20:00,32.4264,c,1
2025-11-20 23:03:00,MCX:SILVER25NOV155500CE,MCX:SILVER25DECFUT,1767.5000,153687,155500,2025-11-26 23:20:00,32.5485,c,1
2025-11-20 23:04:00,MCX:SILVER25NOV155500CE,MCX:SILVER25DECFUT,1767.5000,153616,155500,2025-11-26 23:20:00,32.9205,c,1
2025-11-20 23:05:00,MCX:SILVER25NOV155500CE,MCX:SILVER25DECFUT,1767.5000,153563,155500,2025-11-26 23:20:00,33.1975,c,1
2025-11-20 23:06:00,MCX:SILVER25NOV155500CE,MCX:SILVER25DECFUT,1767.5000,153502,155500,2025-11-26 23:20:00,33.5148,c,1
2025-11-20 23:07:00,MCX:SILVER25NOV155500CE,MCX:SILVER25DECFUT,1767.5000,153500,155500,2025-11-26 23:20:00,33.5271,c,1
2025-11-20 23:08:00,MCX:SILVER25NOV155500CE,MCX:SILVER25DECFUT,1767.5000,153605,155500,2025-11-26 23:20:00,32.9853,c,1
2025-11-20 23:09:00,MCX:SILVER25NOV155500CE,MCX:SILVER25DECFUT,1767.5000,153545,155500,2025-11-26 23:20:00,33.2984,c,1
2025-11-20 23:10:00,MCX:SILVER25NOV155500CE,MCX:SILVER25DECFUT,1767.5000,153518,155500,2025-11-26 23:20:00,33.4399,c,1
2025-11-20 23:11:00,MCX:SILVER25NOV155500CE,MCX:SILVER25DECFUT,1767.5000,153648,155500,2025-11-26 23:20:00,32.7671,c,1
2025-11-20 23:12:00,MCX:SILVER25NOV155500CE,MCX:SILVER25DECFUT,1767.5000,153445,155500,2025-11-26 23:20:00,33.8202,c,1
2025-11-20 23:13:00,MCX:SILVER25NOV155500CE,MCX:SILVER25DECFUT,1767.5000,153301,155500,2025-11-26 23:20:00,34.5595,c,1
2025-11-20 23:14:00,MCX:SILVER25NOV155500CE,MCX:SILVER25DECFUT,1767.5000,153350,155500,2025-11-26 23:20:00,34.3113,c,1
2025-11-20 23:15:00,MCX:SILVER25NOV155500CE,MCX:SILVER25DECFUT,1767.5000,153457,155500,2025-11-26 23:20:00,33.7643,c,1
2025-11-20 23:16:00,MCX:SILVER25NOV155500CE,MCX:SILVER25DECFUT,1767.5000,153513,155500,2025-11-26 23:20:00,33.4774,c,1
2025-11-20 23:17:00,MCX:SILVER25NOV155500CE,MCX:SILVER25DECFUT,1767.5000,153654,155500,2025-11-26 23:20:00,32.7472,c,1
2025-11-20 23:18:00,MCX:SILVER25NOV155500CE,MCX:SILVER25DECFUT,1767.5000,153610,155500,2025-11-26 23:20:00,32.9783,c,1
2025-11-20 23:19:00,MCX:SILVER25NOV155500CE,MCX:SILVER25DECFUT,1767.5000,153639,155500,2025-11-26 23:20:00,32.8292,c,1
2025-11-20 23:20:00,MCX:SILVER25NOV155500CE,MCX:SILVER25DECFUT,1767.5000,153610,155500,2025-11-26 23:20:00,32.9821,c,1
2025-11-20 23:21:00,MCX:SILVER25NOV155500CE,MCX:SILVER25DECFUT,1767.5000,153630,155500,2025-11-26 23:20:00,32.8799,c,1
2025-11-20 23:22:00,MCX:SILVER25NOV155500CE,MCX:SILVER25DECFUT,1767.5000,153701,155500,2025-11-26 23:20:00,32.5109,c,1
2025-11-20 23:23:00,MCX:SILVER25NOV155500CE,MCX:SILVER25DECFUT,1767.5000,153666,155500,2025-11-26 23:20:00,32.6959,c,1
2025-11-20 23:24:00,MCX:SILVER25NOV155500CE,MCX:SILVER25DECFUT,1767.5000,153785,155500,2025-11-26 23:20:00,32.0735,c,1
2025-11-20 23:25:00,MCX:SILVER25NOV155500CE,MCX:SILVER25DECFUT,1740.0000,153950,155500,2025-11-26 23:20:00,30.8414,c,1
2025-11-20 23:26:00,MCX:SILVER25NOV155500CE,MCX:SILVER25DECFUT,1740.0000,153932,155500,2025-11-26 23:20:00,30.9389,c,1
2025-11-20 23:27:00,MCX:SILVER25NOV155500CE,MCX:SILVER25DECFUT,1740.0000,153915,155500,2025-11-26 23:20:00,31.0309,c,1
2025-11-20 23:28:00,MCX:SILVER25NOV155500CE,MCX:SILVER25DECFUT,1740.0000,153941,155500,2025-11-26 23:20:00,30.8946,c,1
2025-11-20 23:29:00,MCX:SILVER25NOV155500CE,MCX:SILVER25DECFUT,1740.0000,153999,155500,2025-11-26 23:20:00,30.5872,c,1
2025-11-20 23:30:00,MCX:SILVER25NOV155500CE,MCX:SILVER25DECFUT,1740.0000,153956,155500,2025-11-26 23:20:00,30.8183,c,1
2025-11-20 23:31:00,MCX:SILVER25NOV155500CE,MCX:SILVER25DECFUT,1740.0000,154002,155500,2025-11-26 23:20:00,30.5747,c,1
2025-11-20 23:32:00,MCX:SILVER25NOV155500CE,MCX:SILVER25DECFUT,1740.0000,153981,155500,2025-11-26 23:20:00,30.6886,c,1
2025-11-20 23:33:00,MCX:SILVER25NOV155500CE,MCX:SILVER25DECFUT,1740.0000,154080,155500,2025-11-26 23:20:00,30.1600,c,1
2025-11-20 23:34:00,MCX:SILVER25NOV155500CE,MCX:SILVER25DECFUT,1740.0000,154071,155500,2025-11-26 23:20:00,30.2101,c,1
2025-11-20 23:35:00,MCX:SILVER25NOV155500CE,MCX:SILVER25DECFUT,2120.5000,154231,155500,2025-11-26 23:20:00,34.2616,c,1
2025-11-20 23:36:00,MCX:SILVER25NOV155500CE,MCX:SILVER25DECFUT,2113.5000,154220,155500,2025-11-26 23:20:00,34.2348,c,1
2025-11-20 23:37:00,MCX:SILVER25NOV155500CE,MCX:SILVER25DECFUT,2113.5000,154085,155500,2025-11-26 23:20:00,34.9865,c,1
2025-11-20 23:38:00,MCX:SILVER25NOV155500CE,MCX:SILVER25DECFUT,2113.5000,154250,155500,2025-11-26 23:20:00,34.0711,c,1
2025-11-20 23:39:00,MCX:SILVER25NOV155500CE,MCX:SILVER25DECFUT,2113.5000,154171,155500,2025-11-26 23:20:00,34.5138,c,1
2025-11-20 23:40:00,MCX:SILVER25NOV155500CE,MCX:SILVER25DECFUT,2113.5000,154245,155500,2025-11-26 23:20:00,34.1030,c,1
2025-11-20 23:41:00,MCX:SILVER25NOV155500CE,MCX:SILVER25DECFUT,2154.5000,154346,155500,2025-11-26 23:20:00,34.0644,c,1
2025-11-20 23:42:00,MCX:SILVER25NOV155500CE,MCX:SILVER25DECFUT,2238.5000,154460,155500,2025-11-26 23:20:00,34.4947,c,1
2025-11-20 23:43:00,MCX:SILVER25NOV155500CE,MCX:SILVER25DECFUT,2238.5000,154501,155500,2025-11-26 23:20:00,34.2613,c,1
2025-11-20 23:44:00,MCX:SILVER25NOV155500CE,MCX:SILVER25DECFUT,2238.5000,154450,155500,2025-11-26 23:20:00,34.5559,c,1
2025-11-20 23:45:00,MCX:SILVER25NOV155500CE,MCX:SILVER25DECFUT,2238.5000,154284,155500,2025-11-26 23:20:00,35.5023,c,1
2025-11-20 23:46:00,MCX:SILVER25NOV155500CE,MCX:SILVER25DECFUT,2238.5000,154170,155500,2025-11-26 23:20:00,36.1459,c,1
2025-11-20 23:47:00,MCX:SILVER25NOV155500CE,MCX:SILVER25DECFUT,2238.5000,154281,155500,2025-11-26 23:20:00,35.5233,c,1
2025-11-20 23:48:00,MCX:SILVER25NOV155500CE,MCX:SILVER25DECFUT,2238.5000,154216,155500,2025-11-26 23:20:00,35.8918,c,1
2025-11-20 23:49:00,MCX:SILVER25NOV155500CE,MCX:SILVER25DECFUT,2238.5000,154245,155500,2025-11-26 23:20:00,35.7306,c,1
2025-11-20 23:50:00,MCX:SILVER25NOV155500CE,MCX:SILVER25DECFUT,2238.5000,154235,155500,2025-11-26 23:20:00,35.7890,c,1
2025-11-20 23:51:00,MCX:SILVER25NOV155500CE,MCX:SILVER25DECFUT,2238.5000,154226,155500,2025-11-26 23:20:00,35.8418,c,1
2025-11-20 23:52:00,MCX:SILVER25NOV155500CE,MCX:SILVER25DECFUT,2238.5000,154122,155500,2025-11-26 23:20:00,36.4271,c,1
2025-11-20 23:53:00,MCX:SILVER25NOV155500CE,MCX:SILVER25DECFUT,2238.5000,154206,155500,2025-11-26 23:20:00,35.9585,c,1
2025-11-20 23:54:00,MCX:SILVER25NOV155500CE,MCX:SILVER25DECFUT,2238.5000,154115,155500,2025-11-26 23:20:00,36.4704,c,1
2025-11-21 15:21:00,MCX:SILVER25NOV155500CE,MCX:SILVER25DECFUT,1294.0000,151650,155500,2025-11-26 23:20:00,37.9700,c,1
2025-11-21 15:22:00,MCX:SILVER25NOV155500CE,MCX:SILVER25DECFUT,1294.0000,151649,155500,2025-11-26 23:20:00,37.9772,c,1
2025-11-21 15:23:00,MCX:SILVER25NOV155500CE,MCX:SILVER25DECFUT,1294.0000,151579,155500,2025-11-26 23:20:00,38.3090,c,1
2025-11-21 15:24:00,MCX:SILVER25NOV155500CE,MCX:SILVER25DECFUT,1294.0000,151800,155500,2025-11-26 23:20:00,37.2686,c,1
2025-11-21 15:25:00,MCX:SILVER25NOV155500CE,MCX:SILVER25DECFUT,1294.0000,151891,155500,2025-11-26 23:20:00,36.8388,c,1
2025-11-21 15:26:00,MCX:SILVER25NOV155500CE,MCX:SILVER25DECFUT,1294.0000,151856,155500,2025-11-26 23:20:00,37.0076,c,1
2025-11-21 15:27:00,MCX:SILVER25NOV155500CE,MCX:SILVER25DECFUT,1294.0000,151653,155500,2025-11-26 23:20:00,37.9707,c,1
2025-11-21 15:28:00,MCX:SILVER25NOV155500CE,MCX:SILVER25DECFUT,1294.0000,151722,155500,2025-11-26 23:20:00,37.6475,c,1
2025-11-21 15:29:00,MCX:SILVER25NOV155500CE,MCX:SILVER25DECFUT,1294.0000,151660,155500,2025-11-26 23:20:00,37.9426,c,1
2025-11-21 15:30:00,MCX:SILVER25NOV155500CE,MCX:SILVER25DECFUT,1294.0000,151615,155500,2025-11-26 23:20:00,38.1571,c,1
2025-11-21 15:31:00,MCX:SILVER25NOV155500CE,MCX:SILVER25DECFUT,1294.0000,151754,155500,2025-11-26 23:20:00,37.5035,c,1
2025-11-21 15:32:00,MCX:SILVER25NOV155500CE,MCX:SILVER25DECFUT,1294.0000,151614,155500,2025-11-26 23:20:00,38.1668,c,1
2025-11-21 15:33:00,MCX:SILVER25NOV155500CE,MCX:SILVER25DECFUT,1294.0000,151577,155500,2025-11-26 23:20:00,38.3433,c,1
2025-11-21 15:34:00,MCX:SILVER25NOV155500CE,MCX:SILVER25DECFUT,1294.0000,151539,155500,2025-11-26 23:20:00,38.5243,c,1
2025-11-21 15:35:00,MCX:SILVER25NOV155500CE,MCX:SILVER25DECFUT,1294.0000,151508,155500,2025-11-26 23:20:00,38.6722,c,1
2025-11-21 15:36:00,MCX:SILVER25NOV155500CE,MCX:SILVER25DECFUT,1294.0000,151480,155500,2025-11-26 23:20:00,38.8060,c,1
2025-11-21 15:37:00,MCX:SILVER25NOV155500CE,MCX:SILVER25DECFUT,1294.0000,151507,155500,2025-11-26 23:20:00,38.6820,c,1
2025-11-21 15:38:00,MCX:SILVER25NOV155500CE,MCX:SILVER25DECFUT,1294.0000,151512,155500,2025-11-26 23:20:00,38.6610,c,1
2025-11-21 15:39:00,MCX:SILVER25NOV155500CE,MCX:SILVER25DECFUT,1294.0000,151540,155500,2025-11-26 23:20:00,38.5321,c,1
2025-11-21 15:40:00,MCX:SILVER25NOV155500CE,MCX:SILVER25DECFUT,1294.0000,151401,155500,2025-11-26 23:20:00,39.1857,c,1
2025-11-21 15:41:00,MCX:SILVER25NOV155500CE,MCX:SILVER25DECFUT,1294.0000,151326,155500,2025-11-26 23:20:00,39.5381,c,1
2025-11-21 15:42:00,MCX:SILVER25NOV155500CE,MCX:SILVER25DECFUT,1294.0000,151366,155500,2025-11-26 23:20:00,39.3542,c,1
2025-11-21 15:43:00,MCX:SILVER25NOV155500CE,MCX:SILVER25DECFUT,1294.0000,151248,155500,2025-11-26 23:20:00,39.9062,c,1
2025-11-21 15:44:00,MCX:SILVER25NOV155500CE,MCX:SILVER25DECFUT,1294.0000,151032,155500,2025-11-26 23:20:00,40.9086,c,1
2025-11-21 15:45:00,MCX:SILVER25NOV155500CE,MCX:SILVER25DECFUT,1294.0000,151141,155500,2025-11-26 23:20:00,40.4077,c,1
2025-11-21 15:46:00,MCX:SILVER25NOV155500CE,MCX:SILVER25DECFUT,1294.0000,151013,155500,2025-11-26 23:20:00,41.0016,c,1
2025-11-21 15:47:00,MCX:SILVER25NOV155500CE,MCX:SILVER25DECFUT,1294.0000,151184,155500,2025-11-26 23:20:00,40.2137,c,1
2025-11-21 15:48:00,MCX:SILVER25NOV155500CE,MCX:SILVER25DECFUT,1294.0000,151172,155500,2025-11-26 23:20:00,40.2719,c,1
2025-11-21 15:49:00,MCX:SILVER25NOV155500CE,MCX:SILVER25DECFUT,1294.0000,151322,155500,2025-11-26 23:20:00,39.5774,c,1
2025-11-21 15:50:00,MCX:SILVER25NOV155500CE,MCX:SILVER25DECFUT,1294.0000,151150,155500,2025-11-26 23:20:00,40.3791,c,1
2025-11-21 15:51:00,MCX:SILVER25NOV155500CE,MCX:SILVER25DECFUT,1294.0000,150838,155500,2025-11-26 23:20:00,41.8195,c,1
2025-11-21 15:52:00,MCX:SILVER25NOV155500CE,MCX:SILVER25DECFUT,1294.0000,150698,155500,2025-11-26 23:20:00,42.4627,c,1
2025-11-21 15:53:00,MCX:SILVER25NOV155500CE,MCX:SILVER25DECFUT,1294.0000,151139,155500,2025-11-26 23:20:00,40.4380,c,1
2025-11-21 15:54:00,MCX:SILVER25NOV155500CE,MCX:SILVER25DECFUT,1294.0000,151086,155500,2025-11-26 23:20:00,40.6859,c,1
2025-11-21 15:55:00,MCX:SILVER25NOV155500CE,MCX:SILVER25DECFUT,1294.0000,150960,155500,2025-11-26 23:20:00,41.2699,c,1
2025-11-21 15:56:00,MCX:SILVER25NOV155500CE,MCX:SILVER25DECFUT,1294.0000,150837,155500,2025-11-26 23:20:00,41.8378,c,1
2025-11-21 15:57:00,MCX:SILVER25NOV155500CE,MCX:SILVER25DECFUT,1294.0000,150875,155500,2025-11-26 23:20:00,41.6661,c,1
2025-11-21 15:58:00,MCX:SILVER25NOV155500CE,MCX:SILVER25DECFUT,1058.0000,150788,155500,2025-11-26 23:20:00,38.1364,c,1
2025-11-21 15:59:00,MCX:SILVER25NOV155500CE,MCX:SILVER25DECFUT,1058.0000,150585,155500,2025-11-26 23:20:00,39.0295,c,1
2025-11-21 16:00:00,MCX:SILVER25NOV155500CE,MCX:SILVER25DECFUT,1058.0000,150799,155500,2025-11-26 23:20:00,38.0929,c,1
2025-11-21 16:01:00,MCX:SILVER25NOV155500CE,MCX:SILVER25DECFUT,1058.0000,150888,155500,2025-11-26 23:20:00,37.7029,c,1
2025-11-21 16:02:00,MCX:SILVER25NOV155500CE,MCX:SILVER25DECFUT,1058.0000,150786,155500,2025-11-26 23:20:00,38.1552,c,1
2025-11-21 16:03:00,MCX:SILVER25NOV155500CE,MCX:SILVER25DECFUT,1058.0000,151120,155500,2025-11-26 23:20:00,36.6791,c,1
2025-11-21 16:04:00,MCX:SILVER25NOV155500CE,MCX:SILVER25DECFUT,1058.0000,150928,155500,2025-11-26 23:20:00,37.5335,c,1
2025-11-21 16:05:00,MCX:SILVER25NOV155500CE,MCX:SILVER25DECFUT,1058.0000,151200,155500,2025-11-26 23:20:00,36.3272,c,1
2025-11-21 16:06:00,MCX:SILVER25NOV155500CE,MCX:SILVER25DECFUT,1058.0000,151013,155500,2025-11-26 23:20:00,37.1619,c,1
2025-11-21 16:07:00,MCX:SILVER25NOV155500CE,MCX:SILVER25DECFUT,1058.0000,151009,155500,2025-11-26 23:20:00,37.1821,c,1
2025-11-21 16:08:00,MCX:SILVER25NOV155500CE,MCX:SILVER25DECFUT,1058.0000,151120,155500,2025-11-26 23:20:00,36.6911,c,1
2025-11-21 16:09:00,MCX:SILVER25NOV155500CE,MCX:SILVER25DECFUT,1058.0000,151058,155500,2025-11-26 23:20:00,36.9694,c,1
2025-11-21 16:10:00,MCX:SILVER25NOV155500CE,MCX:SILVER25DECFUT,1058.0000,151151,155500,2025-11-26 23:20:00,36.5578,c,1
2025-11-21 16:11:00,MCX:SILVER25NOV155500CE,MCX:SILVER25DECFUT,1058.0000,151021,155500,2025-11-26 23:20:00,37.1386,c,1
2025-11-21 16:12:00,MCX:SILVER25NOV155500CE,MCX:SILVER25DECFUT,1058.0000,151029,155500,2025-11-26 23:20:00,37.1055,c,1
2025-11-21 16:13:00,MCX:SILVER25NOV155500CE,MCX:SILVER25DECFUT,1058.0000,151100,155500,2025-11-26 23:20:00,36.7922,c,1
2025-11-21 16:14:00,MCX:SILVER25NOV155500CE,MCX:SILVER25DECFUT,1058.0000,151018,155500,2025-11-26 23:20:00,37.1592,c,1
2025-11-21 16:15:00,MCX:SILVER25NOV155500CE,MCX:SILVER25DECFUT,1058.0000,150962,155500,2025-11-26 23:20:00,37.4100,c,1
2025-11-21 16:16:00,MCX:SILVER25NOV155500CE,MCX:SILVER25DECFUT,1058.0000,151100,155500,2025-11-26 23:20:00,36.7994,c,1
2025-11-21 16:17:00,MCX:SILVER25NOV155500CE,MCX:SILVER25DECFUT,1058.0000,151197,155500,2025-11-26 23:20:00,36.3692,c,1
2025-11-21 16:18:00,MCX:SILVER25NOV155500CE,MCX:SILVER25DECFUT,1058.0000,151302,155500,2025-11-26 23:20:00,35.9015,c,1
2025-11-21 16:19:00,MCX:SILVER25NOV155500CE,MCX:SILVER25DECFUT,1058.0000,151364,155500,2025-11-26 23:20:00,35.6254,c,1
2025-11-21 16:20:00,MCX:SILVER25NOV155500CE,MCX:SILVER25DECFUT,1058.0000,151319,155500,2025-11-26 23:20:00,35.8299,c,1
2025-11-21 16:21:00,MCX:SILVER25NOV155500CE,MCX:SILVER25DECFUT,1058.0000,151254,155500,2025-11-26 23:20:00,36.1237,c,1
2025-11-21 16:22:00,MCX:SILVER25NOV155500CE,MCX:SILVER25DECFUT,1058.0000,151493,155500,2025-11-26 23:20:00,35.0508,c,1
2025-11-21 16:23:00,MCX:SILVER25NOV155500CE,MCX:SILVER25DECFUT,1058.0000,151375,155500,2025-11-26 23:20:00,35.5852,c,1
2025-11-21 16:24:00,MCX:SILVER25NOV155500CE,MCX:SILVER25DECFUT,1058.0000,151359,155500,2025-11-26 23:20:00,35.6595,c,1
2025-11-21 16:25:00,MCX:SILVER25NOV155500CE,MCX:SILVER25DECFUT,1058.0000,151210,155500,2025-11-26 23:20:00,36.3301,c,1
2025-11-21 16:26:00,MCX:SILVER25NOV155500CE,MCX:SILVER25DECFUT,1058.0000,151330,155500,2025-11-26 23:20:00,35.7946,c,1
2025-11-21 16:27:00,MCX:SILVER25NOV155500CE,MCX:SILVER25DECFUT,1058.0000,151300,155500,2025-11-26 23:20:00,35.9316,c,1
2025-11-21 16:28:00,MCX:SILVER25NOV155500CE,MCX:SILVER25DECFUT,1058.0000,151332,155500,2025-11-26 23:20:00,35.7903,c,1
2025-11-21 16:29:00,MCX:SILVER25NOV155500CE,MCX:SILVER25DECFUT,1058.0000,151286,155500,2025-11-26 23:20:00,35.9992,c,1
2025-11-21 16:30:00,MCX:SILVER25NOV155500CE,MCX:SILVER25DECFUT,1058.0000,151537,155500,2025-11-26 23:20:00,34.8701,c,1
2025-11-21 16:31:00,MCX:SILVER25NOV155500CE,MCX:SILVER25DECFUT,1058.0000,151635,155500,2025-11-26 23:20:00,34.4276,c,1
2025-11-21 16:32:00,MCX:SILVER25NOV155500CE,MCX:SILVER25DECFUT,1058.0000,151415,155500,2025-11-26 23:20:00,35.4260,c,1
2025-11-21 16:33:00,MCX:SILVER25NOV155500CE,MCX:SILVER25DECFUT,1058.0000,151200,155500,2025-11-26 23:20:00,36.3939,c,1
2025-11-21 16:34:00,MCX:SILVER25NOV155500CE,MCX:SILVER25DECFUT,1058.0000,151290,155500,2025-11-26 23:20:00,35.9930,c,1
2025-11-21 16:35:00,MCX:SILVER25NOV155500CE,MCX:SILVER25DECFUT,1058.0000,151299,155500,2025-11-26 23:20:00,35.9550,c,1
2025-11-21 16:36:00,MCX:SILVER25NOV155500CE,MCX:SILVER25DECFUT,1100.0000,151466,155500,2025-11-26 23:20:00,35.8952,c,1
2025-11-21 16:37:00,MCX:SILVER25NOV155500CE,MCX:SILVER25DECFUT,1100.0000,151686,155500,2025-11-26 23:20:00,34.8914,c,1
2025-11-21 16:38:00,MCX:SILVER25NOV155500CE,MCX:SILVER25DECFUT,1100.0000,151659,155500,2025-11-26 23:20:00,35.0177,c,1
2025-11-21 16:39:00,MCX:SILVER25NOV155500CE,MCX:SILVER25DECFUT,1100.0000,151460,155500,2025-11-26 23:20:00,35.9296,c,1
2025-11-21 16:40:00,MCX:SILVER25NOV155500CE,MCX:SILVER25DECFUT,1100.0000,151521,155500,2025-11-26 23:20:00,35.6539,c,1
2025-11-21 16:41:00,MCX:SILVER25NOV155500CE,MCX:SILVER25DECFUT,1100.0000,151452,155500,2025-11-26 23:20:00,35.9707,c,1
2025-11-21 16:42:00,MCX:SILVER25NOV155500CE,MCX:SILVER25DECFUT,1100.0000,151456,155500,2025-11-26 23:20:00,35.9549,c,1
2025-11-21 16:43:00,MCX:SILVER25NOV155500CE,MCX:SILVER25DECFUT,1100.0000,151409,155500,2025-11-26 23:20:00,36.1711,c,1
2025-11-21 16:44:00,MCX:SILVER25NOV155500CE,MCX:SILVER25DECFUT,1100.0000,151392,155500,2025-11-26 23:20:00,36.2507,c,1
2025-11-21 16:45:00,MCX:SILVER25NOV155500CE,MCX:SILVER25DECFUT,1050.0000,151387,155500,2025-11-26 23:20:00,35.4499,c,1
2025-11-21 16:46:00,MCX:SILVER25NOV155500CE,MCX:SILVER25DECFUT,1050.0000,151491,155500,2025-11-26 23:20:00,34.9832,c,1
2025-11-21 16:47:00,MCX:SILVER25NOV155500CE,MCX:SILVER25DECFUT,1050.0000,151350,155500,2025-11-26 23:20:00,35.6211,c,1
2025-11-21 16:48:00,MCX:SILVER25NOV155500CE,MCX:SILVER25DECFUT,1050.0000,151349,155500,2025-11-26 23:20:00,35.6279,c,1
2025-11-21 16:49:00,MCX:SILVER25NOV155500CE,MCX:SILVER25DECFUT,1050.0000,151320,155500,2025-11-26 23:20:00,35.7605,c,1
2025-11-21 16:50:00,MCX:SILVER25NOV155500CE,MCX:SILVER25DECFUT,1050.0000,151322,155500,2025-11-26 23:20:00,35.7539,c,1
2025-11-21 16:51:00,MCX:SILVER25NOV155500CE,MCX:SILVER25DECFUT,1050.0000,151305,155500,2025-11-26 23:20:00,35.8326,c,1
2025-11-21 16:52:00,MCX:SILVER25NOV155500CE,MCX:SILVER25DECFUT,1050.0000,151307,155500,2025-11-26 23:20:00,35.8260,c,1
2025-11-21 16:53:00,MCX:SILVER25NOV155500CE,MCX:SILVER25DECFUT,1050.0000,151418,155500,2025-11-26 23:20:00,35.3289,c,1
2025-11-21 16:54:00,MCX:SILVER25NOV155500CE,MCX:SILVER25DECFUT,1050.0000,151342,155500,2025-11-26 23:20:00,35.6734,c,1
2025-11-21 16:55:00,MCX:SILVER25NOV155500CE,MCX:SILVER25DECFUT,1050.0000,151225,155500,2025-11-26 23:20:00,36.2007,c,1
2025-11-21 16:56:00,MCX:SILVER25NOV155500CE,MCX:SILVER25DECFUT,1050.0000,151127,155500,2025-11-26 23:20:00,36.6412,c,1
2025-11-21 16:57:00,MCX:SILVER25NOV155500CE,MCX:SILVER25DECFUT,1050.0000,151300,155500,2025-11-26 23:20:00,35.8692,c,1
2025-11-21 16:58:00,MCX:SILVER25NOV155500CE,MCX:SILVER25DECFUT,1050.0000,151282,155500,2025-11-26 23:20:00,35.9524,c,1
2025-11-21 16:59:00,MCX:SILVER25NOV155500CE,MCX:SILVER25DECFUT,1050.0000,151282,155500,2025-11-26 23:20:00,35.9547,c,1
2025-11-21 17:00:00,MCX:SILVER25NOV155500CE,MCX:SILVER25DECFUT,1050.0000,151243,155500,2025-11-26 23:20:00,36.1320,c,1
2025-11-21 17:01:00,MCX:SILVER25NOV155500CE,MCX:SILVER25DECFUT,1050.0000,151269,155500,2025-11-26 23:20:00,36.0178,c,1
2025-11-21 17:02:00,MCX:SILVER25NOV155500CE,MCX:SILVER25DECFUT,1050.0000,151288,155500,2025-11-26 23:20:00,35.9349,c,1
2025-11-21 17:03:00,MCX:SILVER25NOV155500CE,MCX:SILVER25DECFUT,1050.0000,151258,155500,2025-11-26 23:20:00,36.0719,c,1
2025-11-21 17:04:00,MCX:SILVER25NOV155500CE,MCX:SILVER25DECFUT,1050.0000,151201,155500,2025-11-26 23:20:00,36.3297,c,1
2025-11-21 17:05:00,MCX:SILVER25NOV155500CE,MCX:SILVER25DECFUT,1050.0000,151299,155500,2025-11-26 23:20:00,35.8926,c,1
2025-11-21 17:06:00,MCX:SILVER25NOV155500CE,MCX:SILVER25DECFUT,1050.0000,151291,155500,2025-11-26 23:20:00,35.9309,c,1
2025-11-21 17:07:00,MCX:SILVER25NOV155500CE,MCX:SILVER25DECFUT,1050.0000,151059,155500,2025-11-26 23:20:00,36.9710,c,1
2025-11-21 17:08:00,MCX:SILVER25NOV155500CE,MCX:SILVER25DECFUT,1050.0000,151093,155500,2025-11-26 23:20:00,36.8219,c,1
2025-11-21 17:09:00,MCX:SILVER25NOV155500CE,MCX:SILVER25DECFUT,1050.0000,151051,155500,2025-11-26 23:20:00,37.0115,c,1
2025-11-21 17:10:00,MCX:SILVER25NOV155500CE,MCX:SILVER25DECFUT,1050.0000,150868,155500,2025-11-26 23:20:00,37.8265,c,1
2025-11-21 17:11:00,MCX:SILVER25NOV155500CE,MCX:SILVER25DECFUT,1050.0000,151066,155500,2025-11-26 23:20:00,36.9495,c,1
2025-11-21 17:12:00,MCX:SILVER25NOV155500CE,MCX:SILVER25DECFUT,1050.0000,151000,155500,2025-11-26 23:20:00,37.2458,c,1
2025-11-21 17:13:00,MCX:SILVER25NOV155500CE,MCX:SILVER25DECFUT,1050.0000,151056,155500,2025-11-26 23:20:00,36.9990,c,1
2025-11-21 17:14:00,MCX:SILVER25NOV155500CE,MCX:SILVER25DECFUT,1050.0000,151087,155500,2025-11-26 23:20:00,36.8632,c,1
2025-11-21 17:15:00,MCX:SILVER25NOV155500CE,MCX:SILVER25DECFUT,1050.0000,151168,155500,2025-11-26 23:20:00,36.5038,c,1
2025-11-21 17:16:00,MCX:SILVER25NOV155500CE,MCX:SILVER25DECFUT,1050.0000,151189,155500,2025-11-26 23:20:00,36.4122,c,1
2025-11-21 17:17:00,MCX:SILVER25NOV155500CE,MCX:SILVER25DECFUT,1050.0000,151140,155500,2025-11-26 23:20:00,36.6338,c,1
2025-11-21 17:18:00,MCX:SILVER25NOV155500CE,MCX:SILVER25DECFUT,1050.0000,151167,155500,2025-11-26 23:20:00,36.5155,c,1
2025-11-21 17:19:00,MCX:SILVER25NOV155500CE,MCX:SILVER25DECFUT,1050.0000,151164,155500,2025-11-26 23:20:00,36.5313,c,1
2025-11-21 17:20:00,MCX:SILVER25NOV155500CE,MCX:SILVER25DECFUT,1050.0000,151178,155500,2025-11-26 23:20:00,36.4711,c,1
2025-11-21 17:21:00,MCX:SILVER25NOV155500CE,MCX:SILVER25DECFUT,1050.0000,151090,155500,2025-11-26 23:20:00,36.8669,c,1
2025-11-21 17:22:00,MCX:SILVER25NOV155500CE,MCX:SILVER25DECFUT,1050.0000,151113,155500,2025-11-26 23:20:00,36.7666,c,1
2025-11-21 17:23:00,MCX:SILVER25NOV155500CE,MCX:SILVER25DECFUT,1050.0000,150998,155500,2025-11-26 23:20:00,37.2818,c,1
2025-11-21 17:24:00,MCX:SILVER25NOV155500CE,MCX:SILVER25DECFUT,1050.0000,150912,155500,2025-11-26 23:20:00,37.6664,c,1
2025-11-21 17:25:00,MCX:SILVER25NOV155500CE,MCX:SILVER25DECFUT,1050.0000,151049,155500,2025-11-26 23:20:00,37.0595,c,1
2025-11-21 17:26:00,MCX:SILVER25NOV155500CE,MCX:SILVER25DECFUT,1050.0000,151013,155500,2025-11-26 23:20:00,37.2224,c,1
2025-11-21 17:27:00,MCX:SILVER25NOV155500CE,MCX:SILVER25DECFUT,1050.0000,151141,155500,2025-11-26 23:20:00,36.6536,c,1
2025-11-21 17:28:00,MCX:SILVER25NOV155500CE,MCX:SILVER25DECFUT,1050.0000,151245,155500,2025-11-26 23:20:00,36.1899,c,1
2025-11-21 17:29:00,MCX:SILVER25NOV155500CE,MCX:SILVER25DECFUT,1050.0000,151175,155500,2025-11-26 23:20:00,36.5062,c,1
2025-11-21 17:30:00,MCX:SILVER25NOV155500CE,MCX:SILVER25DECFUT,1050.0000,151126,155500,2025-11-26 23:20:00,36.7279,c,1
2025-11-21 17:31:00,MCX:SILVER25NOV155500CE,MCX:SILVER25DECFUT,1050.0000,150971,155500,2025-11-26 23:20:00,37.4217,c,1
2025-11-21 17:32:00,MCX:SILVER25NOV155500CE,MCX:SILVER25DECFUT,1050.0000,151154,155500,2025-11-26 23:20:00,36.6075,c,1
2025-11-21 17:33:00,MCX:SILVER25NOV155500CE,MCX:SILVER25DECFUT,1050.0000,151138,155500,2025-11-26 23:20:00,36.6815,c,1
2025-11-21 17:34:00,MCX:SILVER25NOV155500CE,MCX:SILVER25DECFUT,1050.0000,150998,155500,2025-11-26 23:20:00,37.3089,c,1
2025-11-21 17:35:00,MCX:SILVER25NOV155500CE,MCX:SILVER25DECFUT,1050.0000,150998,155500,2025-11-26 23:20:00,37.3114,c,1
2025-11-21 17:36:00,MCX:SILVER25NOV155500CE,MCX:SILVER25DECFUT,1050.0000,151100,155500,2025-11-26 23:20:00,36.8588,c,1
2025-11-21 17:37:00,MCX:SILVER25NOV155500CE,MCX:SILVER25DECFUT,1050.0000,151400,155500,2025-11-26 23:20:00,35.5130,c,1
2025-11-21 17:38:00,MCX:SILVER25NOV155500CE,MCX:SILVER25DECFUT,1050.0000,151300,155500,2025-11-26 23:20:00,35.9664,c,1
2025-11-21 17:39:00,MCX:SILVER25NOV155500CE,MCX:SILVER25DECFUT,1050.0000,151357,155500,2025-11-26 23:20:00,35.7119,c,1
2025-11-21 17:40:00,MCX:SILVER25NOV155500CE,MCX:SILVER25DECFUT,1050.0000,151332,155500,2025-11-26 23:20:00,35.8270,c,1
2025-11-21 17:41:00,MCX:SILVER25NOV155500CE,MCX:SILVER25DECFUT,1050.0000,151255,155500,2025-11-26 23:20:00,36.1761,c,1
2025-11-21 17:42:00,MCX:SILVER25NOV155500CE,MCX:SILVER25DECFUT,1050.0000,151239,155500,2025-11-26 23:20:00,36.2504,c,1
2025-11-21 17:43:00,MCX:SILVER25NOV155500CE,MCX:SILVER25DECFUT,1050.0000,151442,155500,2025-11-26 23:20:00,35.3371,c,1
2025-11-21 17:44:00,MCX:SILVER25NOV155500CE,MCX:SILVER25DECFUT,1050.0000,151462,155500,2025-11-26 23:20:00,35.2489,c,1
2025-11-21 17:45:00,MCX:SILVER25NOV155500CE,MCX:SILVER25DECFUT,1050.0000,151342,155500,2025-11-26 23:20:00,35.7938,c,1
2025-11-21 17:46:00,MCX:SILVER25NOV155500CE,MCX:SILVER25DECFUT,1050.0000,151376,155500,2025-11-26 23:20:00,35.6427,c,1
2025-11-21 17:47:00,MCX:SILVER25NOV155500CE,MCX:SILVER25DECFUT,1050.0000,151309,155500,2025-11-26 23:20:00,35.9473,c,1
2025-11-21 17:48:00,MCX:SILVER25NOV155500CE,MCX:SILVER25DECFUT,1050.0000,151383,155500,2025-11-26 23:20:00,35.6158,c,1
2025-11-21 17:49:00,MCX:SILVER25NOV155500CE,MCX:SILVER25DECFUT,1050.0000,151499,155500,2025-11-26 23:20:00,35.0927,c,1
2025-11-21 17:50:00,MCX:SILVER25NOV155500CE,MCX:SILVER25DECFUT,1050.0000,151600,155500,2025-11-26 23:20:00,34.6356,c,1
2025-11-21 17:51:00,MCX:SILVER25NOV155500CE,MCX:SILVER25DECFUT,1050.0000,151607,155500,2025-11-26 23:20:00,34.6059,c,1
2025-11-21 17:52:00,MCX:SILVER25NOV155500CE,MCX:SILVER25DECFUT,1050.0000,151626,155500,2025-11-26 23:20:00,34.5216,c,1
2025-11-21 17:53:00,MCX:SILVER25NOV155500CE,MCX:SILVER25DECFUT,1100.0000,151726,155500,2025-11-26 23:20:00,34.8820,c,1
2025-11-21 17:54:00,MCX:SILVER25NOV155500CE,MCX:SILVER25DECFUT,1100.0000,151629,155500,2025-11-26 23:20:00,35.3320,c,1
2025-11-21 17:55:00,MCX:SILVER25NOV155500CE,MCX:SILVER25DECFUT,1100.0000,151700,155500,2025-11-26 23:20:00,35.0068,c,1
2025-11-21 17:56:00,MCX:SILVER25NOV155500CE,MCX:SILVER25DECFUT,1100.0000,151700,155500,2025-11-26 23:20:00,35.0092,c,1
2025-11-21 17:57:00,MCX:SILVER25NOV155500CE,MCX:SILVER25DECFUT,1100.0000,151693,155500,2025-11-26 23:20:00,35.0438,c,1
2025-11-21 17:58:00,MCX:SILVER25NOV155500CE,MCX:SILVER25DECFUT,1100.0000,151670,155500,2025-11-26 23:20:00,35.1524,c,1
2025-11-21 17:59:00,MCX:SILVER25NOV155500CE,MCX:SILVER25DECFUT,1100.0000,151600,155500,2025-11-26 23:20:00,35.4773,c,1
2025-11-21 18:00:00,MCX:SILVER25NOV155500CE,MCX:SILVER25DECFUT,1100.0000,152055,155500,2025-11-26 23:20:00,33.3653,c,1
2025-11-21 18:01:00,MCX:SILVER25NOV155500CE,MCX:SILVER25DECFUT,1320.0000,152136,155500,2025-11-26 23:20:00,36.4372,c,1
2025-11-21 18:02:00,MCX:SILVER25NOV155500CE,MCX:SILVER25DECFUT,1320.0000,152100,155500,2025-11-26 23:20:00,36.6151,c,1
2025-11-21 18:03:00,MCX:SILVER25NOV155500CE,MCX:SILVER25DECFUT,1320.0000,152179,155500,2025-11-26 23:20:00,36.2320,c,1
2025-11-21 18:04:00,MCX:SILVER25NOV155500CE,MCX:SILVER25DECFUT,1320.0000,152047,155500,2025-11-26 23:20:00,36.8779,c,1
2025-11-21 18:05:00,MCX:SILVER25NOV155500CE,MCX:SILVER25DECFUT,1320.0000,152218,155500,2025-11-26 23:20:00,36.0460,c,1
2025-11-21 18:06:00,MCX:SILVER25NOV155500CE,MCX:SILVER25DECFUT,1320.0000,152195,155500,2025-11-26 23:20:00,36.1610,c,1
2025-11-21 18:07:00,MCX:SILVER25NOV155500CE,MCX:SILVER25DECFUT,1320.0000,152300,155500,2025-11-26 23:20:00,35.6483,c,1
2025-11-21 18:08:00,MCX:SILVER25NOV155500CE,MCX:SILVER25DECFUT,1320.0000,152372,155500,2025-11-26 23:20:00,35.2959,c,1
2025-11-21 18:09:00,MCX:SILVER25NOV155500CE,MCX:SILVER25DECFUT,1320.0000,152338,155500,2025-11-26 23:20:00,35.4660,c,1
2025-11-21 18:10:00,MCX:SILVER25NOV155500CE,MCX:SILVER25DECFUT,1320.0000,152356,155500,2025-11-26 23:20:00,35.3796,c,1
2025-11-21 18:11:00,MCX:SILVER25NOV155500CE,MCX:SILVER25DECFUT,1320.0000,152150,155500,2025-11-26 23:20:00,36.3931,c,1
2025-11-21 18:12:00,MCX:SILVER25NOV155500CE,MCX:SILVER25DECFUT,1320.0000,152216,155500,2025-11-26 23:20:00,36.0726,c,1
2025-11-21 18:13:00,MCX:SILVER25NOV155500CE,MCX:SILVER25DECFUT,1320.0000,152250,155500,2025-11-26 23:20:00,35.9082,c,1
2025-11-21 18:14:00,MCX:SILVER25NOV155500CE,MCX:SILVER25DECFUT,1320.0000,152339,155500,2025-11-26 23:20:00,35.4728,c,1
2025-11-21 18:15:00,MCX:SILVER25NOV155500CE,MCX:SILVER25DECFUT,1320.0000,152843,155500,2025-11-26 23:20:00,32.9583,c,1
2025-11-21 18:16:00,MCX:SILVER25NOV155500CE,MCX:SILVER25DECFUT,1320.0000,152775,155500,2025-11-26 23:20:00,33.3040,c,1
2025-11-21 18:17:00,MCX:SILVER25NOV155500CE,MCX:SILVER25DECFUT,1320.0000,152479,155500,2025-11-26 23:20:00,34.7873,c,1
2025-11-21 18:18:00,MCX:SILVER25NOV155500CE,MCX:SILVER25DECFUT,1320.0000,152600,155500,2025-11-26 23:20:00,34.1869,c,1
2025-11-21 18:19:00,MCX:SILVER25NOV155500CE,MCX:SILVER25DECFUT,1320.0000,152714,155500,2025-11-26 23:20:00,33.6179,c,1
2025-11-21 18:20:00,MCX:SILVER25NOV155500CE,MCX:SILVER25DECFUT,1320.0000,152517,155500,2025-11-26 23:20:00,34.6053,c,1
2025-11-21 18:21:00,MCX:SILVER25NOV155500CE,MCX:SILVER25DECFUT,1320.0000,152450,155500,2025-11-26 23:20:00,34.9404,c,1
2025-11-21 18:22:00,MCX:SILVER25NOV155500CE,MCX:SILVER25DECFUT,1320.0000,152500,155500,2025-11-26 23:20:00,34.6945,c,1
2025-11-21 18:23:00,MCX:SILVER25NOV155500CE,MCX:SILVER25DECFUT,1320.0000,152400,155500,2025-11-26 23:20:00,35.1928,c,1
2025-11-21 18:24:00,MCX:SILVER25NOV155500CE,MCX:SILVER25DECFUT,1320.0000,152375,155500,2025-11-26 23:20:00,35.3187,c,1
2025-11-21 18:25:00,MCX:SILVER25NOV155500CE,MCX:SILVER25DECFUT,1320.0000,152382,155500,2025-11-26 23:20:00,35.2865,c,1
2025-11-21 18:26:00,MCX:SILVER25NOV155500CE,MCX:SILVER25DECFUT,1320.0000,152544,155500,2025-11-26 23:20:00,34.4847,c,1
2025-11-21 18:27:00,MCX:SILVER25NOV155500CE,MCX:SILVER25DECFUT,1320.0000,152540,155500,2025-11-26 23:20:00,34.5069,c,1
2025-11-21 18:28:00,MCX:SILVER25NOV155500CE,MCX:SILVER25DECFUT,1320.0000,152600,155500,2025-11-26 23:20:00,34.2097,c,1
2025-11-21 18:29:00,MCX:SILVER25NOV155500CE,MCX:SILVER25DECFUT,1320.0000,152652,155500,2025-11-26 23:20:00,33.9516,c,1
2025-11-21 18:30:00,MCX:SILVER25NOV155500CE,MCX:SILVER25DECFUT,1320.0000,152902,155500,2025-11-26 23:20:00,32.6917,c,1
2025-11-21 18:31:00,MCX:SILVER25NOV155500CE,MCX:SILVER25DECFUT,1320.0000,152835,155500,2025-11-26 23:20:00,33.0339,c,1
2025-11-21 18:32:00,MCX:SILVER25NOV155500CE,MCX:SILVER25DECFUT,1320.0000,152908,155500,2025-11-26 23:20:00,32.6655,c,1
2025-11-21 18:33:00,MCX:SILVER25NOV155500CE,MCX:SILVER25DECFUT,1320.0000,152720,155500,2025-11-26 23:20:00,33.6190,c,1
2025-11-21 18:34:00,MCX:SILVER25NOV155500CE,MCX:SILVER25DECFUT,1320.0000,152589,155500,2025-11-26 23:20:00,34.2784,c,1
2025-11-21 18:35:00,MCX:SILVER25NOV155500CE,MCX:SILVER25DECFUT,1320.0000,152606,155500,2025-11-26 23:20:00,34.1957,c,1
2025-11-21 18:36:00,MCX:SILVER25NOV155500CE,MCX:SILVER25DECFUT,1320.0000,152528,155500,2025-11-26 23:20:00,34.5874,c,1
2025-11-21 18:37:00,MCX:SILVER25NOV155500CE,MCX:SILVER25DECFUT,1320.0000,152581,155500,2025-11-26 23:20:00,34.3252,c,1
2025-11-21 18:38:00,MCX:SILVER25NOV155500CE,MCX:SILVER25DECFUT,1320.0000,152677,155500,2025-11-26 23:20:00,33.8465,c,1
2025-11-21 18:39:00,MCX:SILVER25NOV155500CE,MCX:SILVER25DECFUT,1320.0000,152725,155500,2025-11-26 23:20:00,33.6073,c,1
2025-11-21 18:40:00,MCX:SILVER25NOV155500CE,MCX:SILVER25DECFUT,1320.0000,152660,155500,2025-11-26 23:20:00,33.9364,c,1
2025-11-21 18:41:00,MCX:SILVER25NOV155500CE,MCX:SILVER25DECFUT,1320.0000,152898,155500,2025-11-26 23:20:00,32.7360,c,1
2025-11-21 18:42:00,MCX:SILVER25NOV155500CE,MCX:SILVER25DECFUT,1320.0000,152680,155500,2025-11-26 23:20:00,33.8405,c,1
2025-11-21 18:43:00,MCX:SILVER25NOV155500CE,MCX:SILVER25DECFUT,1320.0000,152609,155500,2025-11-26 23:20:00,34.1989,c,1
2025-11-21 18:44:00,MCX:SILVER25NOV155500CE,MCX:SILVER25DECFUT,1320.0000,152589,155500,2025-11-26 23:20:00,34.3013,c,1
2025-11-21 18:45:00,MCX:SILVER25NOV155500CE,MCX:SILVER25DECFUT,1320.0000,152553,155500,2025-11-26 23:20:00,34.4835,c,1
2025-11-21 18:46:00,MCX:SILVER25NOV155500CE,MCX:SILVER25DECFUT,1320.0000,152699,155500,2025-11-26 23:20:00,33.7539,c,1
2025-11-21 18:47:00,MCX:SILVER25NOV155500CE,MCX:SILVER25DECFUT,1320.0000,152790,155500,2025-11-26 23:20:00,33.2971,c,1
2025-11-21 18:48:00,MCX:SILVER25NOV155500CE,MCX:SILVER25DECFUT,1320.0000,152719,155500,2025-11-26 23:20:00,33.6577,c,1
2025-11-21 18:49:00,MCX:SILVER25NOV155500CE,MCX:SILVER25DECFUT,1320.0000,152806,155500,2025-11-26 23:20:00,33.2206,c,1
2025-11-21 18:50:00,MCX:SILVER25NOV155500CE,MCX:SILVER25DECFUT,1320.0000,152874,155500,2025-11-26 23:20:00,32.8778,c,1
2025-11-21 18:51:00,MCX:SILVER25NOV155500CE,MCX:SILVER25DECFUT,1320.0000,153052,155500,2025-11-26 23:20:00,31.9704,c,1
2025-11-21 18:52:00,MCX:SILVER25NOV155500CE,MCX:SILVER25DECFUT,1320.0000,152876,155500,2025-11-26 23:20:00,32.8720,c,1
2025-11-21 18:53:00,MCX:SILVER25NOV155500CE,MCX:SILVER25DECFUT,1320.0000,152800,155500,2025-11-26 23:20:00,33.2598,c,1
2025-11-21 18:54:00,MCX:SILVER25NOV155500CE,MCX:SILVER25DECFUT,1320.0000,152803,155500,2025-11-26 23:20:00,33.2469,c,1
2025-11-21 18:55:00,MCX:SILVER25NOV155500CE,MCX:SILVER25DECFUT,1320.0000,152776,155500,2025-11-26 23:20:00,33.3857,c,1
2025-11-21 18:56:00,MCX:SILVER25NOV155500CE,MCX:SILVER25DECFUT,1320.0000,152868,155500,2025-11-26 23:20:00,32.9215,c,1
2025-11-21 18:57:00,MCX:SILVER25NOV155500CE,MCX:SILVER25DECFUT,1320.0000,153030,155500,2025-11-26 23:20:00,32.0962,c,1
2025-11-21 18:58:00,MCX:SILVER25NOV155500CE,MCX:SILVER25DECFUT,1320.0000,153149,155500,2025-11-26 23:20:00,31.4853,c,1
2025-11-21 18:59:00,MCX:SILVER25NOV155500CE,MCX:SILVER25DECFUT,1320.0000,153101,155500,2025-11-26 23:20:00,31.7352,c,1
2025-11-21 19:00:00,MCX:SILVER25NOV155500CE,MCX:SILVER25DECFUT,1320.0000,153202,155500,2025-11-26 23:20:00,31.2149,c,1
2025-11-21 19:01:00,MCX:SILVER25NOV155500CE,MCX:SILVER25DECFUT,1320.0000,153093,155500,2025-11-26 23:20:00,31.7807,c,1
2025-11-21 19:02:00,MCX:SILVER25NOV155500CE,MCX:SILVER25DECFUT,1320.0000,153096,155500,2025-11-26 23:20:00,31.7674,c,1
2025-11-21 19:03:00,MCX:SILVER25NOV155500CE,MCX:SILVER25DECFUT,1320.0000,153220,155500,2025-11-26 23:20:00,31.1277,c,1
2025-11-21 19:04:00,MCX:SILVER25NOV155500CE,MCX:SILVER25DECFUT,1320.0000,153275,155500,2025-11-26 23:20:00,30.8434,c,1
2025-11-21 19:05:00,MCX:SILVER25NOV155500CE,MCX:SILVER25DECFUT,1320.0000,153189,155500,2025-11-26 23:20:00,31.2928,c,1
2025-11-21 19:06:00,MCX:SILVER25NOV155500CE,MCX:SILVER25DECFUT,1500.0000,153306,155500,2025-11-26 23:20:00,33.3207,c,1
2025-11-21 19:07:00,MCX:SILVER25NOV155500CE,MCX:SILVER25DECFUT,1500.0000,153200,155500,2025-11-26 23:20:00,33.8875,c,1
2025-11-21 19:08:00,MCX:SILVER25NOV155500CE,MCX:SILVER25DECFUT,1500.0000,153165,155500,2025-11-26 23:20:00,34.0753,c,1
2025-11-21 19:09:00,MCX:SILVER25NOV155500CE,MCX:SILVER25DECFUT,1500.0000,153131,155500,2025-11-26 23:20:00,34.2576,c,1
2025-11-21 19:10:00,MCX:SILVER25NOV155500CE,MCX:SILVER25DECFUT,1500.0000,153073,155500,2025-11-26 23:20:00,34.5660,c,1
2025-11-21 19:11:00,MCX:SILVER25NOV155500CE,MCX:SILVER25DECFUT,1500.0000,152905,155500,2025-11-26 23:20:00,35.4491,c,1
2025-11-21 19:12:00,MCX:SILVER25NOV155500CE,MCX:SILVER25DECFUT,1500.0000,152963,155500,2025-11-26 23:20:00,35.1483,c,1
2025-11-21 19:13:00,MCX:SILVER25NOV155500CE,MCX:SILVER25DECFUT,1500.0000,153024,155500,2025-11-26 23:20:00,34.8308,c,1
2025-11-21 19:14:00,MCX:SILVER25NOV155500CE,MCX:SILVER25DECFUT,1500.0000,153157,155500,2025-11-26 23:20:00,34.1314,c,1
2025-11-21 19:15:00,MCX:SILVER25NOV155500CE,MCX:SILVER25DECFUT,1500.0000,153198,155500,2025-11-26 23:20:00,33.9163,c,1
2025-11-21 19:16:00,MCX:SILVER25NOV155500CE,MCX:SILVER25DECFUT,1500.0000,153150,155500,2025-11-26 23:20:00,34.1731,c,1
2025-11-21 19:17:00,MCX:SILVER25NOV155500CE,MCX:SILVER25DECFUT,1500.0000,153100,155500,2025-11-26 23:20:00,34.4398,c,1
2025-11-21 19:18:00,MCX:SILVER25NOV155500CE,MCX:SILVER25DECFUT,1500.0000,153167,155500,2025-11-26 23:20:00,34.0876,c,1
2025-11-21 19:19:00,MCX:SILVER25NOV155500CE,MCX:SILVER25DECFUT,1500.0000,153128,155500,2025-11-26 23:20:00,34.2964,c,1
2025-11-21 19:20:00,MCX:SILVER25NOV155500CE,MCX:SILVER25DECFUT,1500.0000,153162,155500,2025-11-26 23:20:00,34.1187,c,1
2025-11-21 19:21:00,MCX:SILVER25NOV155500CE,MCX:SILVER25DECFUT,1500.0000,153211,155500,2025-11-26 23:20:00,33.8608,c,1
2025-11-21 19:22:00,MCX:SILVER25NOV155500CE,MCX:SILVER25DECFUT,1500.0000,153300,155500,2025-11-26 23:20:00,33.3885,c,1
2025-11-21 19:23:00,MCX:SILVER25NOV155500CE,MCX:SILVER25DECFUT,1500.0000,153370,155500,2025-11-26 23:20:00,33.0155,c,1
2025-11-21 19:24:00,MCX:SILVER25NOV155500CE,MCX:SILVER25DECFUT,1500.0000,153485,155500,2025-11-26 23:20:00,32.3975,c,1
2025-11-21 19:25:00,MCX:SILVER25NOV155500CE,MCX:SILVER25DECFUT,1500.0000,153515,155500,2025-11-26 23:20:00,32.2370,c,1
2025-11-21 19:26:00,MCX:SILVER25NOV155500CE,MCX:SILVER25DECFUT,1500.0000,153439,155500,2025-11-26 23:20:00,32.6505,c,1
2025-11-21 19:27:00,MCX:SILVER25NOV155500CE,MCX:SILVER25DECFUT,1500.0000,153535,155500,2025-11-26 23:20:00,32.1327,c,1
2025-11-21 19:28:00,MCX:SILVER25NOV155500CE,MCX:SILVER25DECFUT,1500.0000,153470,155500,2025-11-26 23:20:00,32.4874,c,1
2025-11-21 19:29:00,MCX:SILVER25NOV155500CE,MCX:SILVER25DECFUT,1500.0000,153593,155500,2025-11-26 23:20:00,31.8211,c,1
2025-11-21 19:30:00,MCX:SILVER25NOV155500CE,MCX:SILVER25DECFUT,1500.0000,153713,155500,2025-11-26 23:20:00,31.1653,c,1
2025-11-21 19:31:00,MCX:SILVER25NOV155500CE,MCX:SILVER25DECFUT,1500.0000,153793,155500,2025-11-26 23:20:00,30.7255,c,1
2025-11-21 19:32:00,MCX:SILVER25NOV155500CE,MCX:SILVER25DECFUT,1500.0000,153586,155500,2025-11-26 23:20:00,31.8657,c,1
2025-11-21 19:33:00,MCX:SILVER25NOV155500CE,MCX:SILVER25DECFUT,1500.0000,153378,155500,2025-11-26 23:20:00,32.9947,c,1
2025-11-21 19:34:00,MCX:SILVER25NOV155500CE,MCX:SILVER25DECFUT,1500.0000,153356,155500,2025-11-26 23:20:00,33.1152,c,1
2025-11-21 19:35:00,MCX:SILVER25NOV155500CE,MCX:SILVER25DECFUT,1500.0000,153200,155500,2025-11-26 23:20:00,33.9512,c,1
2025-11-21 19:36:00,MCX:SILVER25NOV155500CE,MCX:SILVER25DECFUT,1500.0000,153360,155500,2025-11-26 23:20:00,33.0981,c,1
2025-11-21 19:37:00,MCX:SILVER25NOV155500CE,MCX:SILVER25DECFUT,1500.0000,153400,155500,2025-11-26 23:20:00,32.8851,c,1
2025-11-21 19:38:00,MCX:SILVER25NOV155500CE,MCX:SILVER25DECFUT,1500.0000,153355,155500,2025-11-26 23:20:00,33.1294,c,1
2025-11-21 19:39:00,MCX:SILVER25NOV155500CE,MCX:SILVER25DECFUT,1500.0000,153168,155500,2025-11-26 23:20:00,34.1304,c,1
2025-11-21 19:40:00,MCX:SILVER25NOV155500CE,MCX:SILVER25DECFUT,1500.0000,153177,155500,2025-11-26 23:20:00,34.0849,c,1
2025-11-21 19:41:00,MCX:SILVER25NOV155500CE,MCX:SILVER25DECFUT,1500.0000,153102,155500,2025-11-26 23:20:00,34.4847,c,1
2025-11-21 19:42:00,MCX:SILVER25NOV155500CE,MCX:SILVER25DECFUT,1500.0000,153155,155500,2025-11-26 23:20:00,34.2063,c,1
2025-11-21 19:43:00,MCX:SILVER25NOV155500CE,MCX:SILVER25DECFUT,1500.0000,153250,155500,2025-11-26 23:20:00,33.7030,c,1
2025-11-21 19:44:00,MCX:SILVER25NOV155500CE,MCX:SILVER25DECFUT,1500.0000,153219,155500,2025-11-26 23:20:00,33.8706,c,1
2025-11-21 19:45:00,MCX:SILVER25NOV155500CE,MCX:SILVER25DECFUT,1500.0000,153255,155500,2025-11-26 23:20:00,33.6808,c,1
2025-11-21 19:46:00,MCX:SILVER25NOV155500CE,MCX:SILVER25DECFUT,1500.0000,153219,155500,2025-11-26 23:20:00,33.8751,c,1
2025-11-21 19:47:00,MCX:SILVER25NOV155500CE,MCX:SILVER25DECFUT,1500.0000,153243,155500,2025-11-26 23:20:00,33.7494,c,1
2025-11-21 19:48:00,MCX:SILVER25NOV155500CE,MCX:SILVER25DECFUT,1500.0000,153209,155500,2025-11-26 23:20:00,33.9330,c,1
2025-11-21 19:49:00,MCX:SILVER25NOV155500CE,MCX:SILVER25DECFUT,1500.0000,153008,155500,2025-11-26 23:20:00,34.9993,c,1
2025-11-21 19:50:00,MCX:SILVER25NOV155500CE,MCX:SILVER25DECFUT,1500.0000,152919,155500,2025-11-26 23:20:00,35.4689,c,1
2025-11-21 19:51:00,MCX:SILVER25NOV155500CE,MCX:SILVER25DECFUT,1500.0000,152833,155500,2025-11-26 23:20:00,35.9205,c,1
2025-11-21 19:52:00,MCX:SILVER25NOV155500CE,MCX:SILVER25DECFUT,1500.0000,152813,155500,2025-11-26 23:20:00,36.0271,c,1
2025-11-21 19:53:00,MCX:SILVER25NOV155500CE,MCX:SILVER25DECFUT,1500.0000,152670,155500,2025-11-26 23:20:00,36.7711,c,1
2025-11-21 19:54:00,MCX:SILVER25NOV155500CE,MCX:SILVER25DECFUT,1500.0000,152735,155500,2025-11-26 23:20:00,36.4371,c,1
2025-11-21 19:55:00,MCX:SILVER25NOV155500CE,MCX:SILVER25DECFUT,1500.0000,152666,155500,2025-11-26 23:20:00,36.7967,c,1
2025-11-21 19:56:00,MCX:SILVER25NOV155500CE,MCX:SILVER25DECFUT,1500.0000,152759,155500,2025-11-26 23:20:00,36.3175,c,1
2025-11-21 19:57:00,MCX:SILVER25NOV155500CE,MCX:SILVER25DECFUT,1500.0000,152702,155500,2025-11-26 23:20:00,36.6155,c,1
2025-11-21 19:58:00,MCX:SILVER25NOV155500CE,MCX:SILVER25DECFUT,1500.0000,152667,155500,2025-11-26 23:20:00,36.7990,c,1
2025-11-21 19:59:00,MCX:SILVER25NOV155500CE,MCX:SILVER25DECFUT,1500.0000,152552,155500,2025-11-26 23:20:00,37.3940,c,1
2025-11-21 20:00:00,MCX:SILVER25NOV155500CE,MCX:SILVER25DECFUT,1500.0000,152621,155500,2025-11-26 23:20:00,37.0414,c,1
2025-11-21 20:01:00,MCX:SILVER25NOV155500CE,MCX:SILVER25DECFUT,1500.0000,152580,155500,2025-11-26 23:20:00,37.2551,c,1
2025-11-21 20:02:00,MCX:SILVER25NOV155500CE,MCX:SILVER25DECFUT,1500.0000,152517,155500,2025-11-26 23:20:00,37.5812,c,1
2025-11-21 20:03:00,MCX:SILVER25NOV155500CE,MCX:SILVER25DECFUT,1500.0000,152499,155500,2025-11-26 23:20:00,37.6761,c,1
2025-11-21 20:04:00,MCX:SILVER25NOV155500CE,MCX:SILVER25DECFUT,1500.0000,152500,155500,2025-11-26 23:20:00,37.6735,c,1
2025-11-21 20:05:00,MCX:SILVER25NOV155500CE,MCX:SILVER25DECFUT,1500.0000,152484,155500,2025-11-26 23:20:00,37.7580,c,1
2025-11-21 20:06:00,MCX:SILVER25NOV155500CE,MCX:SILVER25DECFUT,1500.0000,152552,155500,2025-11-26 23:20:00,37.4116,c,1
2025-11-21 20:07:00,MCX:SILVER25NOV155500CE,MCX:SILVER25DECFUT,1500.0000,152792,155500,2025-11-26 23:20:00,36.1729,c,1
2025-11-21 20:08:00,MCX:SILVER25NOV155500CE,MCX:SILVER25DECFUT,1500.0000,152740,155500,2025-11-26 23:20:00,36.4456,c,1
2025-11-21 20:09:00,MCX:SILVER25NOV155500CE,MCX:SILVER25DECFUT,1500.0000,152401,155500,2025-11-26 23:20:00,38.1926,c,1
2025-11-21 20:10:00,MCX:SILVER25NOV155500CE,MCX:SILVER25DECFUT,1500.0000,152527,155500,2025-11-26 23:20:00,37.5502,c,1
2025-11-21 20:11:00,MCX:SILVER25NOV155500CE,MCX:SILVER25DECFUT,1500.0000,152750,155500,2025-11-26 23:20:00,36.4011,c,1
2025-11-21 20:12:00,MCX:SILVER25NOV155500CE,MCX:SILVER25DECFUT,1500.0000,152650,155500,2025-11-26 23:20:00,36.9217,c,1
2025-11-21 20:13:00,MCX:SILVER25NOV155500CE,MCX:SILVER25DECFUT,1500.0000,152452,155500,2025-11-26 23:20:00,37.9423,c,1
2025-11-21 20:14:00,MCX:SILVER25NOV155500CE,MCX:SILVER25DECFUT,1500.0000,152470,155500,2025-11-26 23:20:00,37.8527,c,1
2025-11-21 20:15:00,MCX:SILVER25NOV155500CE,MCX:SILVER25DECFUT,1500.0000,152462,155500,2025-11-26 23:20:00,37.8962,c,1
2025-11-21 20:16:00,MCX:SILVER25NOV155500CE,MCX:SILVER25DECFUT,1500.0000,152400,155500,2025-11-26 23:20:00,38.2157,c,1
2025-11-21 20:17:00,MCX:SILVER25NOV155500CE,MCX:SILVER25DECFUT,1500.0000,152348,155500,2025-11-26 23:20:00,38.4835,c,1
2025-11-21 20:18:00,MCX:SILVER25NOV155500CE,MCX:SILVER25DECFUT,1500.0000,152457,155500,2025-11-26 23:20:00,37.9295,c,1
2025-11-21 20:19:00,MCX:SILVER25NOV155500CE,MCX:SILVER25DECFUT,1500.0000,152481,155500,2025-11-26 23:20:00,37.8091,c,1
2025-11-21 20:20:00,MCX:SILVER25NOV155500CE,MCX:SILVER25DECFUT,1500.0000,152739,155500,2025-11-26 23:20:00,36.4804,c,1
2025-11-21 20:21:00,MCX:SILVER25NOV155500CE,MCX:SILVER25DECFUT,1500.0000,152738,155500,2025-11-26 23:20:00,36.4880,c,1
2025-11-21 20:22:00,MCX:SILVER25NOV155500CE,MCX:SILVER25DECFUT,1500.0000,152724,155500,2025-11-26 23:20:00,36.5632,c,1
2025-11-21 20:23:00,MCX:SILVER25NOV155500CE,MCX:SILVER25DECFUT,1500.0000,152800,155500,2025-11-26 23:20:00,36.1703,c,1
2025-11-21 20:24:00,MCX:SILVER25NOV155500CE,MCX:SILVER25DECFUT,1500.0000,152985,155500,2025-11-26 23:20:00,35.2034,c,1
2025-11-21 20:25:00,MCX:SILVER25NOV155500CE,MCX:SILVER25DECFUT,1500.0000,153021,155500,2025-11-26 23:20:00,35.0159,c,1
2025-11-21 20:26:00,MCX:SILVER25NOV155500CE,MCX:SILVER25DECFUT,1500.0000,152860,155500,2025-11-26 23:20:00,35.8643,c,1
2025-11-21 20:27:00,MCX:SILVER25NOV155500CE,MCX:SILVER25DECFUT,1500.0000,152880,155500,2025-11-26 23:20:00,35.7621,c,1
2025-11-21 20:28:00,MCX:SILVER25NOV155500CE,MCX:SILVER25DECFUT,1500.0000,152918,155500,2025-11-26 23:20:00,35.5652,c,1
2025-11-21 20:29:00,MCX:SILVER25NOV155500CE,MCX:SILVER25DECFUT,1500.0000,152911,155500,2025-11-26 23:20:00,35.6044,c,1
2025-11-21 20:30:00,MCX:SILVER25NOV155500CE,MCX:SILVER25DECFUT,1500.0000,153069,155500,2025-11-26 23:20:00,34.7739,c,1
2025-11-21 20:31:00,MCX:SILVER25NOV155500CE,MCX:SILVER25DECFUT,1500.0000,153000,155500,2025-11-26 23:20:00,35.1410,c,1
2025-11-21 20:32:00,MCX:SILVER25NOV155500CE,MCX:SILVER25DECFUT,1500.0000,152802,155500,2025-11-26 23:20:00,36.1819,c,1
2025-11-21 20:33:00,MCX:SILVER25NOV155500CE,MCX:SILVER25DECFUT,1500.0000,152709,155500,2025-11-26 23:20:00,36.6684,c,1
2025-11-21 20:34:00,MCX:SILVER25NOV155500CE,MCX:SILVER25DECFUT,1500.0000,152700,155500,2025-11-26 23:20:00,36.7176,c,1
2025-11-21 20:35:00,MCX:SILVER25NOV155500CE,MCX:SILVER25DECFUT,1500.0000,152843,155500,2025-11-26 23:20:00,35.9751,c,1
2025-11-21 20:36:00,MCX:SILVER25NOV155500CE,MCX:SILVER25DECFUT,1500.0000,152950,155500,2025-11-26 23:20:00,35.4163,c,1
2025-11-21 20:37:00,MCX:SILVER25NOV155500CE,MCX:SILVER25DECFUT,1500.0000,152877,155500,2025-11-26 23:20:00,35.8020,c,1
2025-11-21 20:38:00,MCX:SILVER25NOV155500CE,MCX:SILVER25DECFUT,1500.0000,152765,155500,2025-11-26 23:20:00,36.3896,c,1
2025-11-21 20:39:00,MCX:SILVER25NOV155500CE,MCX:SILVER25DECFUT,1500.0000,152975,155500,2025-11-26 23:20:00,35.2919,c,1
2025-11-21 20:40:00,MCX:SILVER25NOV155500CE,MCX:SILVER25DECFUT,1500.0000,153000,155500,2025-11-26 23:20:00,35.1624,c,1
2025-11-21 20:41:00,MCX:SILVER25NOV155500CE,MCX:SILVER25DECFUT,1500.0000,152973,155500,2025-11-26 23:20:00,35.3072,c,1
2025-11-21 20:42:00,MCX:SILVER25NOV155500CE,MCX:SILVER25DECFUT,1500.0000,153100,155500,2025-11-26 23:20:00,34.6378,c,1
2025-11-21 20:43:00,MCX:SILVER25NOV155500CE,MCX:SILVER25DECFUT,1500.0000,153106,155500,2025-11-26 23:20:00,34.6082,c,1
2025-11-21 20:44:00,MCX:SILVER25NOV155500CE,MCX:SILVER25DECFUT,1500.0000,153050,155500,2025-11-26 23:20:00,34.9076,c,1
2025-11-21 20:45:00,MCX:SILVER25NOV155500CE,MCX:SILVER25DECFUT,1500.0000,153050,155500,2025-11-26 23:20:00,34.9100,c,1
2025-11-21 20:46:00,MCX:SILVER25NOV155500CE,MCX:SILVER25DECFUT,1500.0000,153018,155500,2025-11-26 23:20:00,35.0816,c,1
2025-11-21 20:47:00,MCX:SILVER25NOV155500CE,MCX:SILVER25DECFUT,1500.0000,152900,155500,2025-11-26 23:20:00,35.7056,c,1
2025-11-21 20:48:00,MCX:SILVER25NOV155500CE,MCX:SILVER25DECFUT,1500.0000,152915,155500,2025-11-26 23:20:00,35.6293,c,1
2025-11-21 20:49:00,MCX:SILVER25NOV155500CE,MCX:SILVER25DECFUT,1500.0000,153089,155500,2025-11-26 23:20:00,34.7126,c,1
2025-11-21 20:50:00,MCX:SILVER25NOV155500CE,MCX:SILVER25DECFUT,1500.0000,153035,155500,2025-11-26 23:20:00,35.0012,c,1
2025-11-21 20:51:00,MCX:SILVER25NOV155500CE,MCX:SILVER25DECFUT,1500.0000,153000,155500,2025-11-26 23:20:00,35.1887,c,1
2025-11-21 20:52:00,MCX:SILVER25NOV155500CE,MCX:SILVER25DECFUT,1500.0000,153079,155500,2025-11-26 23:20:00,34.7728,c,1
2025-11-21 20:53:00,MCX:SILVER25NOV155500CE,MCX:SILVER25DECFUT,1500.0000,153106,155500,2025-11-26 23:20:00,34.6317,c,1
2025-11-21 20:54:00,MCX:SILVER25NOV155500CE,MCX:SILVER25DECFUT,1500.0000,153145,155500,2025-11-26 23:20:00,34.4265,c,1
2025-11-21 20:55:00,MCX:SILVER25NOV155500CE,MCX:SILVER25DECFUT,1500.0000,153389,155500,2025-11-26 23:20:00,33.1185,c,1
2025-11-21 20:56:00,MCX:SILVER25NOV155500CE,MCX:SILVER25DECFUT,1500.0000,153296,155500,2025-11-26 23:20:00,33.6226,c,1
2025-11-21 20:57:00,MCX:SILVER25NOV155500CE,MCX:SILVER25DECFUT,1500.0000,153296,155500,2025-11-26 23:20:00,33.6249,c,1
2025-11-21 20:58:00,MCX:SILVER25NOV155500CE,MCX:SILVER25DECFUT,1500.0000,153150,155500,2025-11-26 23:20:00,34.4092,c,1
2025-11-21 20:59:00,MCX:SILVER25NOV155500CE,MCX:SILVER25DECFUT,1500.0000,153051,155500,2025-11-26 23:20:00,34.9379,c,1
2025-11-21 21:00:00,MCX:SILVER25NOV155500CE,MCX:SILVER25DECFUT,1500.0000,152966,155500,2025-11-26 23:20:00,35.3897,c,1
2025-11-21 21:01:00,MCX:SILVER25NOV155500CE,MCX:SILVER25DECFUT,1500.0000,153025,155500,2025-11-26 23:20:00,35.0804,c,1
2025-11-21 21:02:00,MCX:SILVER25NOV155500CE,MCX:SILVER25DECFUT,1500.0000,153025,155500,2025-11-26 23:20:00,35.0827,c,1
2025-11-21 21:03:00,MCX:SILVER25NOV155500CE,MCX:SILVER25DECFUT,1500.0000,152932,155500,2025-11-26 23:20:00,35.5761,c,1
2025-11-21 21:04:00,MCX:SILVER25NOV155500CE,MCX:SILVER25DECFUT,1500.0000,152875,155500,2025-11-26 23:20:00,35.8782,c,1
2025-11-21 21:05:00,MCX:SILVER25NOV155500CE,MCX:SILVER25DECFUT,1500.0000,152732,155500,2025-11-26 23:20:00,36.6284,c,1
2025-11-21 21:06:00,MCX:SILVER25NOV155500CE,MCX:SILVER25DECFUT,1500.0000,152750,155500,2025-11-26 23:20:00,36.5371,c,1
2025-11-21 21:07:00,MCX:SILVER25NOV155500CE,MCX:SILVER25DECFUT,1500.0000,152678,155500,2025-11-26 23:20:00,36.9143,c,1
2025-11-21 21:08:00,MCX:SILVER25NOV155500CE,MCX:SILVER25DECFUT,1500.0000,152555,155500,2025-11-26 23:20:00,37.5537,c,1
2025-11-21 21:09:00,MCX:SILVER25NOV155500CE,MCX:SILVER25DECFUT,1500.0000,152620,155500,2025-11-26 23:20:00,37.2202,c,1
2025-11-21 21:10:00,MCX:SILVER25NOV155500CE,MCX:SILVER25DECFUT,1500.0000,152385,155500,2025-11-26 23:20:00,38.4328,c,1
2025-11-21 21:11:00,MCX:SILVER25NOV155500CE,MCX:SILVER25DECFUT,1500.0000,152458,155500,2025-11-26 23:20:00,38.0610,c,1
2025-11-21 21:12:00,MCX:SILVER25NOV155500CE,MCX:SILVER25DECFUT,1500.0000,152413,155500,2025-11-26 23:20:00,38.2946,c,1
2025-11-21 21:13:00,MCX:SILVER25NOV155500CE,MCX:SILVER25DECFUT,1500.0000,152596,155500,2025-11-26 23:20:00,37.3546,c,1
2025-11-21 21:14:00,MCX:SILVER25NOV155500CE,MCX:SILVER25DECFUT,1500.0000,152674,155500,2025-11-26 23:20:00,36.9527,c,1
2025-11-21 21:15:00,MCX:SILVER25NOV155500CE,MCX:SILVER25DECFUT,1500.0000,152850,155500,2025-11-26 23:20:00,36.0363,c,1
2025-11-21 21:16:00,MCX:SILVER25NOV155500CE,MCX:SILVER25DECFUT,1500.0000,152949,155500,2025-11-26 23:20:00,35.5180,c,1
2025-11-21 21:17:00,MCX:SILVER25NOV155500CE,MCX:SILVER25DECFUT,1500.0000,153058,155500,2025-11-26 23:20:00,34.9435,c,1
2025-11-21 21:18:00,MCX:SILVER25NOV155500CE,MCX:SILVER25DECFUT,1500.0000,152940,155500,2025-11-26 23:20:00,35.5703,c,1
2025-11-21 21:19:00,MCX:SILVER25NOV155500CE,MCX:SILVER25DECFUT,1500.0000,152941,155500,2025-11-26 23:20:00,35.5675,c,1
2025-11-21 21:20:00,MCX:SILVER25NOV155500CE,MCX:SILVER25DECFUT,1500.0000,152887,155500,2025-11-26 23:20:00,35.8543,c,1
2025-11-21 21:21:00,MCX:SILVER25NOV155500CE,MCX:SILVER25DECFUT,1500.0000,152801,155500,2025-11-26 23:20:00,36.3079,c,1
2025-11-21 21:22:00,MCX:SILVER25NOV155500CE,MCX:SILVER25DECFUT,1500.0000,152750,155500,2025-11-26 23:20:00,36.5769,c,1
2025-11-21 21:23:00,MCX:SILVER25NOV155500CE,MCX:SILVER25DECFUT,1500.0000,152700,155500,2025-11-26 23:20:00,36.8401,c,1
2025-11-21 21:24:00,MCX:SILVER25NOV155500CE,MCX:SILVER25DECFUT,1500.0000,152862,155500,2025-11-26 23:20:00,35.9955,c,1
2025-11-21 21:25:00,MCX:SILVER25NOV155500CE,MCX:SILVER25DECFUT,1500.0000,152907,155500,2025-11-26 23:20:00,35.7612,c,1
2025-11-21 21:26:00,MCX:SILVER25NOV155500CE,MCX:SILVER25DECFUT,1500.0000,152900,155500,2025-11-26 23:20:00,35.8005,c,1
2025-11-21 21:27:00,MCX:SILVER25NOV155500CE,MCX:SILVER25DECFUT,1500.0000,152875,155500,2025-11-26 23:20:00,35.9345,c,1
2025-11-21 21:28:00,MCX:SILVER25NOV155500CE,MCX:SILVER25DECFUT,1500.0000,152905,155500,2025-11-26 23:20:00,35.7791,c,1
2025-11-21 21:29:00,MCX:SILVER25NOV155500CE,MCX:SILVER25DECFUT,1500.0000,152880,155500,2025-11-26 23:20:00,35.9131,c,1
2025-11-21 21:30:00,MCX:SILVER25NOV155500CE,MCX:SILVER25DECFUT,1500.0000,152893,155500,2025-11-26 23:20:00,35.8472,c,1
2025-11-21 21:31:00,MCX:SILVER25NOV155500CE,MCX:SILVER25DECFUT,1500.0000,152853,155500,2025-11-26 23:20:00,36.0599,c,1
2025-11-21 21:32:00,MCX:SILVER25NOV155500CE,MCX:SILVER25DECFUT,1500.0000,152785,155500,2025-11-26 23:20:00,36.4189,c,1
2025-11-21 21:33:00,MCX:SILVER25NOV155500CE,MCX:SILVER25DECFUT,1500.0000,152837,155500,2025-11-26 23:20:00,36.1489,c,1
2025-11-21 21:34:00,MCX:SILVER25NOV155500CE,MCX:SILVER25DECFUT,1500.0000,152844,155500,2025-11-26 23:20:00,36.1146,c,1
2025-11-21 21:35:00,MCX:SILVER25NOV155500CE,MCX:SILVER25DECFUT,1500.0000,152754,155500,2025-11-26 23:20:00,36.5885,c,1
2025-11-21 21:36:00,MCX:SILVER25NOV155500CE,MCX:SILVER25DECFUT,1500.0000,152731,155500,2025-11-26 23:20:00,36.7111,c,1
2025-11-21 21:37:00,MCX:SILVER25NOV155500CE,MCX:SILVER25DECFUT,1500.0000,152800,155500,2025-11-26 23:20:00,36.3528,c,1
2025-11-21 21:38:00,MCX:SILVER25NOV155500CE,MCX:SILVER25DECFUT,1500.0000,152754,155500,2025-11-26 23:20:00,36.5960,c,1
2025-11-21 21:39:00,MCX:SILVER25NOV155500CE,MCX:SILVER25DECFUT,1500.0000,152751,155500,2025-11-26 23:20:00,36.6142,c,1
2025-11-21 21:40:00,MCX:SILVER25NOV155500CE,MCX:SILVER25DECFUT,1500.0000,152775,155500,2025-11-26 23:20:00,36.4912,c,1
2025-11-21 21:41:00,MCX:SILVER25NOV155500CE,MCX:SILVER25DECFUT,1500.0000,152750,155500,2025-11-26 23:20:00,36.6244,c,1
2025-11-21 21:42:00,MCX:SILVER25NOV155500CE,MCX:SILVER25DECFUT,1500.0000,152850,155500,2025-11-26 23:20:00,36.1028,c,1
2025-11-21 21:43:00,MCX:SILVER25NOV155500CE,MCX:SILVER25DECFUT,1500.0000,152904,155500,2025-11-26 23:20:00,35.8211,c,1
2025-11-21 21:44:00,MCX:SILVER25NOV155500CE,MCX:SILVER25DECFUT,1500.0000,152897,155500,2025-11-26 23:20:00,35.8604,c,1
2025-11-21 21:45:00,MCX:SILVER25NOV155500CE,MCX:SILVER25DECFUT,1500.0000,152875,155500,2025-11-26 23:20:00,35.9787,c,1
2025-11-21 21:46:00,MCX:SILVER25NOV155500CE,MCX:SILVER25DECFUT,1500.0000,153085,155500,2025-11-26 23:20:00,34.8691,c,1
2025-11-21 21:47:00,MCX:SILVER25NOV155500CE,MCX:SILVER25DECFUT,1500.0000,153024,155500,2025-11-26 23:20:00,35.1959,c,1
2025-11-21 21:48:00,MCX:SILVER25NOV155500CE,MCX:SILVER25DECFUT,1500.0000,152808,155500,2025-11-26 23:20:00,36.3382,c,1
2025-11-21 21:49:00,MCX:SILVER25NOV155500CE,MCX:SILVER25DECFUT,1500.0000,152865,155500,2025-11-26 23:20:00,36.0412,c,1
2025-11-21 21:50:00,MCX:SILVER25NOV155500CE,MCX:SILVER25DECFUT,1500.0000,153000,155500,2025-11-26 23:20:00,35.3305,c,1
2025-11-21 21:51:00,MCX:SILVER25NOV155500CE,MCX:SILVER25DECFUT,1500.0000,153040,155500,2025-11-26 23:20:00,35.1205,c,1
2025-11-21 21:52:00,MCX:SILVER25NOV155500CE,MCX:SILVER25DECFUT,1500.0000,153160,155500,2025-11-26 23:20:00,34.4827,c,1
2025-11-21 21:53:00,MCX:SILVER25NOV155500CE,MCX:SILVER25DECFUT,1500.0000,153215,155500,2025-11-26 23:20:00,34.1900,c,1
2025-11-21 21:54:00,MCX:SILVER25NOV155500CE,MCX:SILVER25DECFUT,1500.0000,153127,155500,2025-11-26 23:20:00,34.6640,c,1
2025-11-21 21:55:00,MCX:SILVER25NOV155500CE,MCX:SILVER25DECFUT,1500.0000,153166,155500,2025-11-26 23:20:00,34.4576,c,1
2025-11-21 21:56:00,MCX:SILVER25NOV155500CE,MCX:SILVER25DECFUT,1500.0000,153110,155500,2025-11-26 23:20:00,34.7596,c,1
2025-11-21 21:57:00,MCX:SILVER25NOV155500CE,MCX:SILVER25DECFUT,1500.0000,153110,155500,2025-11-26 23:20:00,34.7619,c,1
2025-11-21 21:58:00,MCX:SILVER25NOV155500CE,MCX:SILVER25DECFUT,1500.0000,153162,155500,2025-11-26 23:20:00,34.4862,c,1
2025-11-21 21:59:00,MCX:SILVER25NOV155500CE,MCX:SILVER25DECFUT,1500.0000,153100,155500,2025-11-26 23:20:00,34.8201,c,1
2025-11-21 22:00:00,MCX:SILVER25NOV155500CE,MCX:SILVER25DECFUT,1500.0000,153100,155500,2025-11-26 23:20:00,34.8225,c,1
2025-11-21 22:01:00,MCX:SILVER25NOV155500CE,MCX:SILVER25DECFUT,1500.0000,153259,155500,2025-11-26 23:20:00,33.9719,c,1
2025-11-21 22:02:00,MCX:SILVER25NOV155500CE,MCX:SILVER25DECFUT,1500.0000,153395,155500,2025-11-26 23:20:00,33.2377,c,1
2025-11-21 22:03:00,MCX:SILVER25NOV155500CE,MCX:SILVER25DECFUT,1500.0000,153289,155500,2025-11-26 23:20:00,33.8146,c,1
2025-11-21 22:04:00,MCX:SILVER25NOV155500CE,MCX:SILVER25DECFUT,1500.0000,153402,155500,2025-11-26 23:20:00,33.2041,c,1
2025-11-21 22:05:00,MCX:SILVER25NOV155500CE,MCX:SILVER25DECFUT,1500.0000,153326,155500,2025-11-26 23:20:00,33.6191,c,1
2025-11-21 22:06:00,MCX:SILVER25NOV155500CE,MCX:SILVER25DECFUT,1500.0000,153244,155500,2025-11-26 23:20:00,34.0644,c,1
2025-11-21 22:07:00,MCX:SILVER25NOV155500CE,MCX:SILVER25DECFUT,1500.0000,153254,155500,2025-11-26 23:20:00,34.0128,c,1
2025-11-21 22:08:00,MCX:SILVER25NOV155500CE,MCX:SILVER25DECFUT,1500.0000,153417,155500,2025-11-26 23:20:00,33.1315,c,1
2025-11-21 22:09:00,MCX:SILVER25NOV155500CE,MCX:SILVER25DECFUT,1500.0000,153407,155500,2025-11-26 23:20:00,33.1883,c,1
2025-11-21 22:10:00,MCX:SILVER25NOV155500CE,MCX:SILVER25DECFUT,1500.0000,153322,155500,2025-11-26 23:20:00,33.6523,c,1
2025-11-21 22:11:00,MCX:SILVER25NOV155500CE,MCX:SILVER25DECFUT,1500.0000,153353,155500,2025-11-26 23:20:00,33.4865,c,1
2025-11-21 22:12:00,MCX:SILVER25NOV155500CE,MCX:SILVER25DECFUT,1500.0000,153559,155500,2025-11-26 23:20:00,32.3627,c,1
2025-11-21 22:13:00,MCX:SILVER25NOV155500CE,MCX:SILVER25DECFUT,1500.0000,153574,155500,2025-11-26 23:20:00,32.2823,c,1
2025-11-21 22:14:00,MCX:SILVER25NOV155500CE,MCX:SILVER25DECFUT,1500.0000,153703,155500,2025-11-26 23:20:00,31.5701,c,1
2025-11-21 22:15:00,MCX:SILVER25NOV155500CE,MCX:SILVER25DECFUT,1500.0000,153600,155500,2025-11-26 23:20:00,32.1433,c,1
2025-11-21 22:16:00,MCX:SILVER25NOV155500CE,MCX:SILVER25DECFUT,1500.0000,153500,155500,2025-11-26 23:20:00,32.6958,c,1
2025-11-21 22:17:00,MCX:SILVER25NOV155500CE,MCX:SILVER25DECFUT,1500.0000,153544,155500,2025-11-26 23:20:00,32.4564,c,1
2025-11-21 22:18:00,MCX:SILVER25NOV155500CE,MCX:SILVER25DECFUT,1500.0000,153710,155500,2025-11-26 23:20:00,31.5398,c,1
2025-11-21 22:19:00,MCX:SILVER25NOV155500CE,MCX:SILVER25DECFUT,1500.0000,153907,155500,2025-11-26 23:20:00,30.4363,c,1
2025-11-21 22:20:00,MCX:SILVER25NOV155500CE,MCX:SILVER25DECFUT,1500.0000,154203,155500,2025-11-26 23:20:00,28.7427,c,1
2025-11-21 22:21:00,MCX:SILVER25NOV155500CE,MCX:SILVER25DECFUT,1500.0000,154268,155500,2025-11-26 23:20:00,28.3662,c,1
2025-11-21 22:22:00,MCX:SILVER25NOV155500CE,MCX:SILVER25DECFUT,1500.0000,154249,155500,2025-11-26 23:20:00,28.4790,c,1
2025-11-21 22:23:00,MCX:SILVER25NOV155500CE,MCX:SILVER25DECFUT,1500.0000,154329,155500,2025-11-26 23:20:00,28.0127,c,1
2025-11-21 22:24:00,MCX:SILVER25NOV155500CE,MCX:SILVER25DECFUT,1500.0000,154464,155500,2025-11-26 23:20:00,27.2158,c,1
2025-11-21 22:25:00,MCX:SILVER25NOV155500CE,MCX:SILVER25DECFUT,1500.0000,154679,155500,2025-11-26 23:20:00,25.9212,c,1
2025-11-21 22:26:00,MCX:SILVER25NOV155500CE,MCX:SILVER25DECFUT,1900.0000,154864,155500,2025-11-26 23:20:00,30.3338,c,1
2025-11-21 22:27:00,MCX:SILVER25NOV155500CE,MCX:SILVER25DECFUT,1900.0000,154798,155500,2025-11-26 23:20:00,30.7558,c,1
2025-11-21 22:28:00,MCX:SILVER25NOV155500CE,MCX:SILVER25DECFUT,1900.0000,154742,155500,2025-11-26 23:20:00,31.1120,c,1
2025-11-21 22:29:00,MCX:SILVER25NOV155500CE,MCX:SILVER25DECFUT,1900.0000,155087,155500,2025-11-26 23:20:00,28.8973,c,1
2025-11-21 22:30:00,MCX:SILVER25NOV155500CE,MCX:SILVER25DECFUT,1900.0000,154850,155500,2025-11-26 23:20:00,30.4315,c,1
2025-11-21 22:31:00,MCX:SILVER25NOV155500CE,MCX:SILVER25DECFUT,1900.0000,154718,155500,2025-11-26 23:20:00,31.2695,c,1
2025-11-21 22:32:00,MCX:SILVER25NOV155500CE,MCX:SILVER25DECFUT,1900.0000,154649,155500,2025-11-26 23:20:00,31.7041,c,1
2025-11-21 22:33:00,MCX:SILVER25NOV155500CE,MCX:SILVER25DECFUT,1900.0000,154750,155500,2025-11-26 23:20:00,31.0722,c,1
2025-11-21 22:34:00,MCX:SILVER25NOV155500CE,MCX:SILVER25DECFUT,1900.0000,154766,155500,2025-11-26 23:20:00,30.9733,c,1
2025-11-21 22:35:00,MCX:SILVER25NOV155500CE,MCX:SILVER25DECFUT,1900.0000,154766,155500,2025-11-26 23:20:00,30.9754,c,1
2025-11-21 22:36:00,MCX:SILVER25NOV155500CE,MCX:SILVER25DECFUT,1900.0000,154552,155500,2025-11-26 23:20:00,32.3160,c,1
2025-11-21 22:37:00,MCX:SILVER25NOV155500CE,MCX:SILVER25DECFUT,1900.0000,154670,155500,2025-11-26 23:20:00,31.5837,c,1
2025-11-21 22:38:00,MCX:SILVER25NOV155500CE,MCX:SILVER25DECFUT,1900.0000,154686,155500,2025-11-26 23:20:00,31.4856,c,1
2025-11-21 22:39:00,MCX:SILVER25NOV155500CE,MCX:SILVER25DECFUT,1900.0000,154633,155500,2025-11-26 23:20:00,31.8193,c,1
2025-11-21 22:40:00,MCX:SILVER25NOV155500CE,MCX:SILVER25DECFUT,1900.0000,154384,155500,2025-11-26 23:20:00,33.3568,c,1
2025-11-21 22:41:00,MCX:SILVER25NOV155500CE,MCX:SILVER25DECFUT,1900.0000,154434,155500,2025-11-26 23:20:00,33.0536,c,1
2025-11-21 22:42:00,MCX:SILVER25NOV155500CE,MCX:SILVER25DECFUT,1900.0000,154298,155500,2025-11-26 23:20:00,33.8837,c,1
2025-11-21 22:43:00,MCX:SILVER25NOV155500CE,MCX:SILVER25DECFUT,1900.0000,154283,155500,2025-11-26 23:20:00,33.9767,c,1
2025-11-21 22:44:00,MCX:SILVER25NOV155500CE,MCX:SILVER25DECFUT,1900.0000,154167,155500,2025-11-26 23:20:00,34.6768,c,1
2025-11-21 22:45:00,MCX:SILVER25NOV155500CE,MCX:SILVER25DECFUT,1900.0000,153972,155500,2025-11-26 23:20:00,35.8377,c,1
2025-11-21 22:46:00,MCX:SILVER25NOV155500CE,MCX:SILVER25DECFUT,1900.0000,154202,155500,2025-11-26 23:20:00,34.4717,c,1
2025-11-21 22:47:00,MCX:SILVER25NOV155500CE,MCX:SILVER25DECFUT,1900.0000,154277,155500,2025-11-26 23:20:00,34.0224,c,1
2025-11-21 22:48:00,MCX:SILVER25NOV155500CE,MCX:SILVER25DECFUT,1900.0000,154382,155500,2025-11-26 23:20:00,33.3874,c,1
2025-11-21 22:49:00,MCX:SILVER25NOV155500CE,MCX:SILVER25DECFUT,1900.0000,154292,155500,2025-11-26 23:20:00,33.9364,c,1
2025-11-21 22:50:00,MCX:SILVER25NOV155500CE,MCX:SILVER25DECFUT,1900.0000,154158,155500,2025-11-26 23:20:00,34.7450,c,1
2025-11-21 22:51:00,MCX:SILVER25NOV155500CE,MCX:SILVER25DECFUT,1900.0000,154088,155500,2025-11-26 23:20:00,35.1652,c,1
2025-11-21 22:52:00,MCX:SILVER25NOV155500CE,MCX:SILVER25DECFUT,1900.0000,154254,155500,2025-11-26 23:20:00,34.1730,c,1
2025-11-21 22:53:00,MCX:SILVER25NOV155500CE,MCX:SILVER25DECFUT,1900.0000,154275,155500,2025-11-26 23:20:00,34.0485,c,1
2025-11-21 22:54:00,MCX:SILVER25NOV155500CE,MCX:SILVER25DECFUT,1900.0000,154300,155500,2025-11-26 23:20:00,33.8996,c,1
2025-11-21 22:55:00,MCX:SILVER25NOV155500CE,MCX:SILVER25DECFUT,1900.0000,154365,155500,2025-11-26 23:20:00,33.5071,c,1
2025-11-21 22:56:00,MCX:SILVER25NOV155500CE,MCX:SILVER25DECFUT,1900.0000,154334,155500,2025-11-26 23:20:00,33.6980,c,1
2025-11-21 22:57:00,MCX:SILVER25NOV155500CE,MCX:SILVER25DECFUT,1900.0000,154250,155500,2025-11-26 23:20:00,34.2089,c,1
2025-11-21 22:58:00,MCX:SILVER25NOV155500CE,MCX:SILVER25DECFUT,1900.0000,154201,155500,2025-11-26 23:20:00,34.5063,c,1
2025-11-21 22:59:00,MCX:SILVER25NOV155500CE,MCX:SILVER25DECFUT,1900.0000,154199,155500,2025-11-26 23:20:00,34.5207,c,1
2025-11-21 23:00:00,MCX:SILVER25NOV155500CE,MCX:SILVER25DECFUT,1900.0000,154170,155500,2025-11-26 23:20:00,34.6971,c,1
2025-11-21 23:01:00,MCX:SILVER25NOV155500CE,MCX:SILVER25DECFUT,1900.0000,154229,155500,2025-11-26 23:20:00,34.3450,c,1
2025-11-21 23:02:00,MCX:SILVER25NOV155500CE,MCX:SILVER25DECFUT,1900.0000,154425,155500,2025-11-26 23:20:00,33.1567,c,1
2025-11-21 23:03:00,MCX:SILVER25NOV155500CE,MCX:SILVER25DECFUT,1900.0000,154361,155500,2025-11-26 23:20:00,33.5500,c,1
2025-11-21 23:04:00,MCX:SILVER25NOV155500CE,MCX:SILVER25DECFUT,1900.0000,154310,155500,2025-11-26 23:20:00,33.8624,c,1
2025-11-21 23:05:00,MCX:SILVER25NOV155500CE,MCX:SILVER25DECFUT,1900.0000,154350,155500,2025-11-26 23:20:00,33.6217,c,1
2025-11-21 23:06:00,MCX:SILVER25NOV155500CE,MCX:SILVER25DECFUT,1900.0000,154376,155500,2025-11-26 23:20:00,33.4655,c,1
2025-11-21 23:07:00,MCX:SILVER25NOV155500CE,MCX:SILVER25DECFUT,1900.0000,154250,155500,2025-11-26 23:20:00,34.2326,c,1
2025-11-21 23:08:00,MCX:SILVER25NOV155500CE,MCX:SILVER25DECFUT,1900.0000,154193,155500,2025-11-26 23:20:00,34.5783,c,1
2025-11-21 23:09:00,MCX:SILVER25NOV155500CE,MCX:SILVER25DECFUT,1900.0000,154270,155500,2025-11-26 23:20:00,34.1165,c,1
2025-11-21 23:10:00,MCX:SILVER25NOV155500CE,MCX:SILVER25DECFUT,1900.0000,154309,155500,2025-11-26 23:20:00,33.8825,c,1
2025-11-21 23:11:00,MCX:SILVER25NOV155500CE,MCX:SILVER25DECFUT,1900.0000,154273,155500,2025-11-26 23:20:00,34.1030,c,1
2025-11-21 23:12:00,MCX:SILVER25NOV155500CE,MCX:SILVER25DECFUT,1900.0000,154217,155500,2025-11-26 23:20:00,34.4434,c,1
2025-11-21 23:13:00,MCX:SILVER25NOV155500CE,MCX:SILVER25DECFUT,1900.0000,154268,155500,2025-11-26 23:20:00,34.1380,c,1
2025-11-21 23:14:00,MCX:SILVER25NOV155500CE,MCX:SILVER25DECFUT,1900.0000,154367,155500,2025-11-26 23:20:00,33.5390,c,1
2025-11-21 23:15:00,MCX:SILVER25NOV155500CE,MCX:SILVER25DECFUT,1900.0000,154272,155500,2025-11-26 23:20:00,34.1185,c,1
2025-11-21 23:16:00,MCX:SILVER25NOV155500CE,MCX:SILVER25DECFUT,1900.0000,154209,155500,2025-11-26 23:20:00,34.5012,c,1
2025-11-21 23:17:00,MCX:SILVER25NOV155500CE,MCX:SILVER25DECFUT,1900.0000,154185,155500,2025-11-26 23:20:00,34.6479,c,1
2025-11-21 23:18:00,MCX:SILVER25NOV155500CE,MCX:SILVER25DECFUT,1900.0000,154243,155500,2025-11-26 23:20:00,34.3009,c,1
2025-11-21 23:19:00,MCX:SILVER25NOV155500CE,MCX:SILVER25DECFUT,1900.0000,154250,155500,2025-11-26 23:20:00,34.2610,c,1
2025-11-21 23:20:00,MCX:SILVER25NOV155500CE,MCX:SILVER25DECFUT,1900.0000,154212,155500,2025-11-26 23:20:00,34.4926,c,1
2025-11-21 23:21:00,MCX:SILVER25NOV155500CE,MCX:SILVER25DECFUT,1900.0000,154299,155500,2025-11-26 23:20:00,33.9691,c,1
2025-11-21 23:22:00,MCX:SILVER25NOV155500CE,MCX:SILVER25DECFUT,1900.0000,154259,155500,2025-11-26 23:20:00,34.2137,c,1
2025-11-21 23:23:00,MCX:SILVER25NOV155500CE,MCX:SILVER25DECFUT,1900.0000,154260,155500,2025-11-26 23:20:00,34.2101,c,1
2025-11-21 23:24:00,MCX:SILVER25NOV155500CE,MCX:SILVER25DECFUT,1900.0000,154280,155500,2025-11-26 23:20:00,34.0914,c,1
2025-11-21 23:25:00,MCX:SILVER25NOV155500CE,MCX:SILVER25DECFUT,1900.0000,154328,155500,2025-11-26 23:20:00,33.8023,c,1
2025-11-21 23:26:00,MCX:SILVER25NOV155500CE,MCX:SILVER25DECFUT,1900.0000,154303,155500,2025-11-26 23:20:00,33.9566,c,1
2025-11-21 23:27:00,MCX:SILVER25NOV155500CE,MCX:SILVER25DECFUT,1900.0000,154249,155500,2025-11-26 23:20:00,34.2861,c,1
2025-11-21 23:28:00,MCX:SILVER25NOV155500CE,MCX:SILVER25DECFUT,1900.0000,154211,155500,2025-11-26 23:20:00,34.5178,c,1
2025-11-21 23:29:00,MCX:SILVER25NOV155500CE,MCX:SILVER25DECFUT,1900.0000,154280,155500,2025-11-26 23:20:00,34.1032,c,1
2025-11-21 23:30:00,MCX:SILVER25NOV155500CE,MCX:SILVER25DECFUT,1900.0000,154248,155500,2025-11-26 23:20:00,34.2993,c,1
2025-11-21 23:31:00,MCX:SILVER25NOV155500CE,MCX:SILVER25DECFUT,1900.0000,154320,155500,2025-11-26 23:20:00,33.8650,c,1
2025-11-21 23:32:00,MCX:SILVER25NOV155500CE,MCX:SILVER25DECFUT,1900.0000,154252,155500,2025-11-26 23:20:00,34.2798,c,1
2025-11-21 23:33:00,MCX:SILVER25NOV155500CE,MCX:SILVER25DECFUT,1900.0000,154301,155500,2025-11-26 23:20:00,33.9852,c,1
2025-11-21 23:34:00,MCX:SILVER25NOV155500CE,MCX:SILVER25DECFUT,1900.0000,154071,155500,2025-11-26 23:20:00,35.3714,c,1
2025-11-21 23:35:00,MCX:SILVER25NOV155500CE,MCX:SILVER25DECFUT,1900.0000,154121,155500,2025-11-26 23:20:00,35.0752,c,1
2025-11-21 23:36:00,MCX:SILVER25NOV155500CE,MCX:SILVER25DECFUT,1900.0000,154099,155500,2025-11-26 23:20:00,35.2092,c,1
2025-11-21 23:37:00,MCX:SILVER25NOV155500CE,MCX:SILVER25DECFUT,1900.0000,154100,155500,2025-11-26 23:20:00,35.2057,c,1
2025-11-21 23:38:00,MCX:SILVER25NOV155500CE,MCX:SILVER25DECFUT,1900.0000,154123,155500,2025-11-26 23:20:00,35.0706,c,1
2025-11-21 23:39:00,MCX:SILVER25NOV155500CE,MCX:SILVER25DECFUT,1900.0000,154167,155500,2025-11-26 23:20:00,34.8091,c,1
2025-11-21 23:40:00,MCX:SILVER25NOV155500CE,MCX:SILVER25DECFUT,1900.0000,154167,155500,2025-11-26 23:20:00,34.8115,c,1
2025-11-21 23:41:00,MCX:SILVER25NOV155500CE,MCX:SILVER25DECFUT,1900.0000,154140,155500,2025-11-26 23:20:00,34.9760,c,1
2025-11-21 23:42:00,MCX:SILVER25NOV155500CE,MCX:SILVER25DECFUT,1900.0000,154189,155500,2025-11-26 23:20:00,34.6840,c,1
2025-11-21 23:43:00,MCX:SILVER25NOV155500CE,MCX:SILVER25DECFUT,1900.0000,154154,155500,2025-11-26 23:20:00,34.8968,c,1
2025-11-21 23:44:00,MCX:SILVER25NOV155500CE,MCX:SILVER25DECFUT,1900.0000,154061,155500,2025-11-26 23:20:00,35.4557,c,1
2025-11-21 23:45:00,MCX:SILVER25NOV155500CE,MCX:SILVER25DECFUT,1900.0000,154050,155500,2025-11-26 23:20:00,35.5237,c,1
2025-11-21 23:46:00,MCX:SILVER25NOV155500CE,MCX:SILVER25DECFUT,1900.0000,154013,155500,2025-11-26 23:20:00,35.7462,c,1
2025-11-21 23:47:00,MCX:SILVER25NOV155500CE,MCX:SILVER25DECFUT,1900.0000,154062,155500,2025-11-26 23:20:00,35.4571,c,1
2025-11-21 23:48:00,MCX:SILVER25NOV155500CE,MCX:SILVER25DECFUT,1900.0000,154034,155500,2025-11-26 23:20:00,35.6263,c,1
2025-11-21 23:49:00,MCX:SILVER25NOV155500CE,MCX:SILVER25DECFUT,1900.0000,154049,155500,2025-11-26 23:20:00,35.5395,c,1
2025-11-21 23:50:00,MCX:SILVER25NOV155500CE,MCX:SILVER25DECFUT,1900.0000,154050,155500,2025-11-26 23:20:00,35.5360,c,1
2025-11-21 23:51:00,MCX:SILVER25NOV155500CE,MCX:SILVER25DECFUT,1900.0000,154080,155500,2025-11-26 23:20:00,35.3595,c,1
2025-11-21 23:52:00,MCX:SILVER25NOV155500CE,MCX:SILVER25DECFUT,1900.0000,154065,155500,2025-11-26 23:20:00,35.4515,c,1
2025-11-21 23:53:00,MCX:SILVER25NOV155500CE,MCX:SILVER25DECFUT,1900.0000,154160,155500,2025-11-26 23:20:00,34.8851,c,1
2025-11-21 23:54:00,MCX:SILVER25NOV155500CE,MCX:SILVER25DECFUT,1900.0000,154052,155500,2025-11-26 23:20:00,35.5340,c,1
2025-11-24 14:15:00,MCX:SILVER25NOV155500CE,MCX:SILVER25DECFUT,1242.0000,153559,155500,2025-11-26 23:20:00,41.6010,c,1
2025-11-24 14:16:00,MCX:SILVER25NOV155500CE,MCX:SILVER25DECFUT,1242.0000,153741,155500,2025-11-26 23:20:00,40.1828,c,1
2025-11-24 14:17:00,MCX:SILVER25NOV155500CE,MCX:SILVER25DECFUT,1242.0000,153735,155500,2025-11-26 23:20:00,40.2360,c,1
2025-11-24 14:18:00,MCX:SILVER25NOV155500CE,MCX:SILVER25DECFUT,1242.0000,153709,155500,2025-11-26 23:20:00,40.4466,c,1
2025-11-24 14:19:00,MCX:SILVER25NOV155500CE,MCX:SILVER25DECFUT,1200.0000,153751,155500,2025-11-26 23:20:00,39.2225,c,1
2025-11-24 14:20:00,MCX:SILVER25NOV155500CE,MCX:SILVER25DECFUT,1200.0000,153762,155500,2025-11-26 23:20:00,39.1419,c,1
2025-11-24 14:21:00,MCX:SILVER25NOV155500CE,MCX:SILVER25DECFUT,1200.0000,153741,155500,2025-11-26 23:20:00,39.3124,c,1
2025-11-24 14:22:00,MCX:SILVER25NOV155500CE,MCX:SILVER25DECFUT,1200.0000,153765,155500,2025-11-26 23:20:00,39.1297,c,1
2025-11-24 14:23:00,MCX:SILVER25NOV155500CE,MCX:SILVER25DECFUT,1200.0000,153775,155500,2025-11-26 23:20:00,39.0568,c,1
2025-11-24 14:24:00,MCX:SILVER25NOV155500CE,MCX:SILVER25DECFUT,1150.0000,153720,155500,2025-11-26 23:20:00,38.4180,c,1
2025-11-24 14:25:00,MCX:SILVER25NOV155500CE,MCX:SILVER25DECFUT,1150.0000,153720,155500,2025-11-26 23:20:00,38.4237,c,1
2025-11-24 14:26:00,MCX:SILVER25NOV155500CE,MCX:SILVER25DECFUT,1150.0000,153770,155500,2025-11-26 23:20:00,38.0395,c,1
2025-11-24 14:27:00,MCX:SILVER25NOV155500CE,MCX:SILVER25DECFUT,1150.0000,153710,155500,2025-11-26 23:20:00,38.5127,c,1
2025-11-24 14:28:00,MCX:SILVER25NOV155500CE,MCX:SILVER25DECFUT,1150.0000,153750,155500,2025-11-26 23:20:00,38.2068,c,1
2025-11-24 14:29:00,MCX:SILVER25NOV155500CE,MCX:SILVER25DECFUT,1150.0000,153717,155500,2025-11-26 23:20:00,38.4695,c,1
2025-11-24 14:30:00,MCX:SILVER25NOV155500CE,MCX:SILVER25DECFUT,1150.0000,153700,155500,2025-11-26 23:20:00,38.6073,c,1
2025-11-24 14:31:00,MCX:SILVER25NOV155500CE,MCX:SILVER25DECFUT,1150.0000,153719,155500,2025-11-26 23:20:00,38.4652,c,1
2025-11-24 14:32:00,MCX:SILVER25NOV155500CE,MCX:SILVER25DECFUT,1150.0000,153800,155500,2025-11-26 23:20:00,37.8381,c,1
2025-11-24 14:33:00,MCX:SILVER25NOV155500CE,MCX:SILVER25DECFUT,1150.0000,153763,155500,2025-11-26 23:20:00,38.1333,c,1
2025-11-24 14:34:00,MCX:SILVER25NOV155500CE,MCX:SILVER25DECFUT,1150.0000,153665,155500,2025-11-26 23:20:00,38.9017,c,1
2025-11-24 14:35:00,MCX:SILVER25NOV155500CE,MCX:SILVER25DECFUT,1150.0000,153757,155500,2025-11-26 23:20:00,38.1914,c,1
2025-11-24 14:36:00,MCX:SILVER25NOV155500CE,MCX:SILVER25DECFUT,1150.0000,153796,155500,2025-11-26 23:20:00,37.8917,c,1
2025-11-24 14:37:00,MCX:SILVER25NOV155500CE,MCX:SILVER25DECFUT,1332.0000,153863,155500,2025-11-26 23:20:00,41.2503,c,1
2025-11-24 14:38:00,MCX:SILVER25NOV155500CE,MCX:SILVER25DECFUT,1332.0000,153843,155500,2025-11-26 23:20:00,41.4178,c,1
2025-11-24 14:39:00,MCX:SILVER25NOV155500CE,MCX:SILVER25DECFUT,1332.0000,153876,155500,2025-11-26 23:20:00,41.1573,c,1
2025-11-24 14:40:00,MCX:SILVER25NOV155500CE,MCX:SILVER25DECFUT,1349.0000,154080,155500,2025-11-26 23:20:00,39.8548,c,1
2025-11-24 14:41:00,MCX:SILVER25NOV155500CE,MCX:SILVER25DECFUT,1349.0000,154229,155500,2025-11-26 23:20:00,38.6217,c,1
2025-11-24 14:42:00,MCX:SILVER25NOV155500CE,MCX:SILVER25DECFUT,1349.0000,154192,155500,2025-11-26 23:20:00,38.9367,c,1
2025-11-24 14:43:00,MCX:SILVER25NOV155500CE,MCX:SILVER25DECFUT,1400.0000,154228,155500,2025-11-26 23:20:00,39.7046,c,1
2025-11-24 14:44:00,MCX:SILVER25NOV155500CE,MCX:SILVER25DECFUT,1400.0000,154203,155500,2025-11-26 23:20:00,39.9208,c,1
2025-11-24 14:45:00,MCX:SILVER25NOV155500CE,MCX:SILVER25DECFUT,1400.0000,154214,155500,2025-11-26 23:20:00,39.8341,c,1
2025-11-24 14:46:00,MCX:SILVER25NOV155500CE,MCX:SILVER25DECFUT,1400.0000,154124,155500,2025-11-26 23:20:00,40.5940,c,1
2025-11-24 14:47:00,MCX:SILVER25NOV155500CE,MCX:SILVER25DECFUT,1400.0000,154160,155500,2025-11-26 23:20:00,40.2991,c,1
2025-11-24 14:48:00,MCX:SILVER25NOV155500CE,MCX:SILVER25DECFUT,1400.0000,154178,155500,2025-11-26 23:20:00,40.1542,c,1
2025-11-24 14:49:00,MCX:SILVER25NOV155500CE,MCX:SILVER25DECFUT,1392.0000,154145,155500,2025-11-26 23:20:00,40.2692,c,1
2025-11-24 14:50:00,MCX:SILVER25NOV155500CE,MCX:SILVER25DECFUT,1392.0000,154144,155500,2025-11-26 23:20:00,40.2834,c,1
2025-11-24 14:51:00,MCX:SILVER25NOV155500CE,MCX:SILVER25DECFUT,1392.0000,154115,155500,2025-11-26 23:20:00,40.5314,c,1
2025-11-24 14:52:00,MCX:SILVER25NOV155500CE,MCX:SILVER25DECFUT,1392.0000,153892,155500,2025-11-26 23:20:00,42.3779,c,1
2025-11-24 14:53:00,MCX:SILVER25NOV155500CE,MCX:SILVER25DECFUT,1392.0000,153921,155500,2025-11-26 23:20:00,42.1468,c,1
2025-11-24 14:54:00,MCX:SILVER25NOV155500CE,MCX:SILVER25DECFUT,1392.0000,153921,155500,2025-11-26 23:20:00,42.1530,c,1
2025-11-24 14:55:00,MCX:SILVER25NOV155500CE,MCX:SILVER25DECFUT,1392.0000,153755,155500,2025-11-26 23:20:00,43.5107,c,1
2025-11-24 14:56:00,MCX:SILVER25NOV155500CE,MCX:SILVER25DECFUT,1392.0000,153741,155500,2025-11-26 23:20:00,43.6303,c,1
2025-11-24 14:57:00,MCX:SILVER25NOV155500CE,MCX:SILVER25DECFUT,1392.0000,153700,155500,2025-11-26 23:20:00,43.9675,c,1
2025-11-24 14:58:00,MCX:SILVER25NOV155500CE,MCX:SILVER25DECFUT,1392.0000,153713,155500,2025-11-26 23:20:00,43.8692,c,1
2025-11-24 14:59:00,MCX:SILVER25NOV155500CE,MCX:SILVER25DECFUT,1324.0000,153883,155500,2025-11-26 23:20:00,41.0518,c,1
2025-11-24 15:00:00,MCX:SILVER25NOV155500CE,MCX:SILVER25DECFUT,1324.0000,153908,155500,2025-11-26 23:20:00,40.8548,c,1
2025-11-24 15:01:00,MCX:SILVER25NOV155500CE,MCX:SILVER25DECFUT,1374.0000,153994,155500,2025-11-26 23:20:00,41.2159,c,1
2025-11-24 15:02:00,MCX:SILVER25NOV155500CE,MCX:SILVER25DECFUT,1374.0000,154004,155500,2025-11-26 23:20:00,41.1395,c,1
2025-11-24 15:03:00,MCX:SILVER25NOV155500CE,MCX:SILVER25DECFUT,1374.0000,154000,155500,2025-11-26 23:20:00,41.1786,c,1
2025-11-24 15:04:00,MCX:SILVER25NOV155500CE,MCX:SILVER25DECFUT,1374.0000,154020,155500,2025-11-26 23:20:00,41.0196,c,1
2025-11-24 15:05:00,MCX:SILVER25NOV155500CE,MCX:SILVER25DECFUT,1374.0000,154001,155500,2025-11-26 23:20:00,41.1825,c,1
2025-11-24 15:06:00,MCX:SILVER25NOV155500CE,MCX:SILVER25DECFUT,1374.0000,154062,155500,2025-11-26 23:20:00,40.6839,c,1
2025-11-24 15:07:00,MCX:SILVER25NOV155500CE,MCX:SILVER25DECFUT,1374.0000,154009,155500,2025-11-26 23:20:00,41.1287,c,1
2025-11-24 15:08:00,MCX:SILVER25NOV155500CE,MCX:SILVER25DECFUT,1374.0000,154086,155500,2025-11-26 23:20:00,40.4966,c,1
2025-11-24 15:09:00,MCX:SILVER25NOV155500CE,MCX:SILVER25DECFUT,1374.0000,154069,155500,2025-11-26 23:20:00,40.6439,c,1
2025-11-24 15:10:00,MCX:SILVER25NOV155500CE,MCX:SILVER25DECFUT,1372.0000,154000,155500,2025-11-26 23:20:00,41.1790,c,1
2025-11-24 15:11:00,MCX:SILVER25NOV155500CE,MCX:SILVER25DECFUT,1372.0000,153880,155500,2025-11-26 23:20:00,42.1706,c,1
2025-11-24 15:12:00,MCX:SILVER25NOV155500CE,MCX:SILVER25DECFUT,1372.0000,153872,155500,2025-11-26 23:20:00,42.2422,c,1
2025-11-24 15:13:00,MCX:SILVER25NOV155500CE,MCX:SILVER25DECFUT,1372.0000,153850,155500,2025-11-26 23:20:00,42.4280,c,1
2025-11-24 15:14:00,MCX:SILVER25NOV155500CE,MCX:SILVER25DECFUT,1372.0000,153838,155500,2025-11-26 23:20:00,42.5321,c,1
2025-11-24 15:15:00,MCX:SILVER25NOV155500CE,MCX:SILVER25DECFUT,1372.0000,153878,155500,2025-11-26 23:20:00,42.2120,c,1
2025-11-24 15:16:00,MCX:SILVER25NOV155500CE,MCX:SILVER25DECFUT,1372.0000,153800,155500,2025-11-26 23:20:00,42.8538,c,1
2025-11-24 15:17:00,MCX:SILVER25NOV155500CE,MCX:SILVER25DECFUT,1372.0000,153699,155500,2025-11-26 23:20:00,43.6774,c,1
2025-11-24 15:18:00,MCX:SILVER25NOV155500CE,MCX:SILVER25DECFUT,1372.0000,153788,155500,2025-11-26 23:20:00,42.9640,c,1
2025-11-24 15:19:00,MCX:SILVER25NOV155500CE,MCX:SILVER25DECFUT,1372.0000,153835,155500,2025-11-26 23:20:00,42.5881,c,1
2025-11-24 15:20:00,MCX:SILVER25NOV155500CE,MCX:SILVER25DECFUT,1372.0000,153639,155500,2025-11-26 23:20:00,44.1795,c,1
2025-11-24 15:21:00,MCX:SILVER25NOV155500CE,MCX:SILVER25DECFUT,1372.0000,153694,155500,2025-11-26 23:20:00,43.7436,c,1
2025-11-24 15:22:00,MCX:SILVER25NOV155500CE,MCX:SILVER25DECFUT,1372.0000,153761,155500,2025-11-26 23:20:00,43.2086,c,1
2025-11-24 15:23:00,MCX:SILVER25NOV155500CE,MCX:SILVER25DECFUT,1372.0000,153726,155500,2025-11-26 23:20:00,43.4983,c,1
2025-11-24 15:24:00,MCX:SILVER25NOV155500CE,MCX:SILVER25DECFUT,1372.0000,153726,155500,2025-11-26 23:20:00,43.5048,c,1
2025-11-24 15:25:00,MCX:SILVER25NOV155500CE,MCX:SILVER25DECFUT,1372.0000,153799,155500,2025-11-26 23:20:00,42.9193,c,1
2025-11-24 15:26:00,MCX:SILVER25NOV155500CE,MCX:SILVER25DECFUT,1372.0000,153750,155500,2025-11-26 23:20:00,43.3235,c,1
2025-11-24 15:27:00,MCX:SILVER25NOV155500CE,MCX:SILVER25DECFUT,1372.0000,153703,155500,2025-11-26 23:20:00,43.7101,c,1
2025-11-24 15:28:00,MCX:SILVER25NOV155500CE,MCX:SILVER25DECFUT,1372.0000,153704,155500,2025-11-26 23:20:00,43.7085,c,1
2025-11-24 15:29:00,MCX:SILVER25NOV155500CE,MCX:SILVER25DECFUT,1372.0000,153700,155500,2025-11-26 23:20:00,43.7473,c,1
2025-11-24 15:30:00,MCX:SILVER25NOV155500CE,MCX:SILVER25DECFUT,1177.0000,153656,155500,2025-11-26 23:20:00,39.8849,c,1
2025-11-24 15:31:00,MCX:SILVER25NOV155500CE,MCX:SILVER25DECFUT,1177.0000,153783,155500,2025-11-26 23:20:00,38.8895,c,1
2025-11-24 15:32:00,MCX:SILVER25NOV155500CE,MCX:SILVER25DECFUT,1177.0000,153815,155500,2025-11-26 23:20:00,38.6413,c,1
2025-11-24 15:33:00,MCX:SILVER25NOV155500CE,MCX:SILVER25DECFUT,1177.0000,153796,155500,2025-11-26 23:20:00,38.7980,c,1
2025-11-24 15:34:00,MCX:SILVER25NOV155500CE,MCX:SILVER25DECFUT,1177.0000,153850,155500,2025-11-26 23:20:00,38.3741,c,1
2025-11-24 15:35:00,MCX:SILVER25NOV155500CE,MCX:SILVER25DECFUT,1177.0000,153926,155500,2025-11-26 23:20:00,37.7715,c,1
2025-11-24 15:36:00,MCX:SILVER25NOV155500CE,MCX:SILVER25DECFUT,1177.0000,153889,155500,2025-11-26 23:20:00,38.0738,c,1
2025-11-24 15:37:00,MCX:SILVER25NOV155500CE,MCX:SILVER25DECFUT,1177.0000,153825,155500,2025-11-26 23:20:00,38.5906,c,1
2025-11-24 15:38:00,MCX:SILVER25NOV155500CE,MCX:SILVER25DECFUT,1177.0000,153787,155500,2025-11-26 23:20:00,38.8984,c,1
2025-11-24 15:39:00,MCX:SILVER25NOV155500CE,MCX:SILVER25DECFUT,1177.0000,153823,155500,2025-11-26 23:20:00,38.6180,c,1
2025-11-24 15:40:00,MCX:SILVER25NOV155500CE,MCX:SILVER25DECFUT,1177.0000,153749,155500,2025-11-26 23:20:00,39.2113,c,1
2025-11-24 15:41:00,MCX:SILVER25NOV155500CE,MCX:SILVER25DECFUT,1177.0000,153770,155500,2025-11-26 23:20:00,39.0508,c,1
2025-11-24 15:42:00,MCX:SILVER25NOV155500CE,MCX:SILVER25DECFUT,1177.0000,153780,155500,2025-11-26 23:20:00,38.9773,c,1
2025-11-24 15:43:00,MCX:SILVER25NOV155500CE,MCX:SILVER25DECFUT,1177.0000,153746,155500,2025-11-26 23:20:00,39.2527,c,1
2025-11-24 15:44:00,MCX:SILVER25NOV155500CE,MCX:SILVER25DECFUT,1177.0000,153791,155500,2025-11-26 23:20:00,38.9016,c,1
2025-11-24 15:45:00,MCX:SILVER25NOV155500CE,MCX:SILVER25DECFUT,1177.0000,153823,155500,2025-11-26 23:20:00,38.6527,c,1
2025-11-24 15:46:00,MCX:SILVER25NOV155500CE,MCX:SILVER25DECFUT,1177.0000,153932,155500,2025-11-26 23:20:00,37.7854,c,1
2025-11-24 15:47:00,MCX:SILVER25NOV155500CE,MCX:SILVER25DECFUT,1177.0000,153927,155500,2025-11-26 23:20:00,37.8313,c,1
2025-11-24 15:48:00,MCX:SILVER25NOV155500CE,MCX:SILVER25DECFUT,1177.0000,153915,155500,2025-11-26 23:20:00,37.9335,c,1
2025-11-24 15:49:00,MCX:SILVER25NOV155500CE,MCX:SILVER25DECFUT,1177.0000,153859,155500,2025-11-26 23:20:00,38.3883,c,1
2025-11-24 15:50:00,MCX:SILVER25NOV155500CE,MCX:SILVER25DECFUT,1177.0000,153790,155500,2025-11-26 23:20:00,38.9445,c,1
2025-11-24 15:51:00,MCX:SILVER25NOV155500CE,MCX:SILVER25DECFUT,1177.0000,153813,155500,2025-11-26 23:20:00,38.7672,c,1
2025-11-24 15:52:00,MCX:SILVER25NOV155500CE,MCX:SILVER25DECFUT,1177.0000,153714,155500,2025-11-26 23:20:00,39.5590,c,1
2025-11-24 15:53:00,MCX:SILVER25NOV155500CE,MCX:SILVER25DECFUT,1177.0000,153774,155500,2025-11-26 23:20:00,39.0893,c,1
2025-11-24 15:54:00,MCX:SILVER25NOV155500CE,MCX:SILVER25DECFUT,1177.0000,153733,155500,2025-11-26 23:20:00,39.4205,c,1
2025-11-24 15:55:00,MCX:SILVER25NOV155500CE,MCX:SILVER25DECFUT,1177.0000,153658,155500,2025-11-26 23:20:00,40.0187,c,1
2025-11-24 15:56:00,MCX:SILVER25NOV155500CE,MCX:SILVER25DECFUT,1177.0000,153696,155500,2025-11-26 23:20:00,39.7251,c,1
2025-11-24 15:57:00,MCX:SILVER25NOV155500CE,MCX:SILVER25DECFUT,1177.0000,153752,155500,2025-11-26 23:20:00,39.2876,c,1
2025-11-24 15:58:00,MCX:SILVER25NOV155500CE,MCX:SILVER25DECFUT,1177.0000,153704,155500,2025-11-26 23:20:00,39.6738,c,1
2025-11-24 15:59:00,MCX:SILVER25NOV155500CE,MCX:SILVER25DECFUT,1177.0000,153704,155500,2025-11-26 23:20:00,39.6797,c,1
2025-11-24 16:00:00,MCX:SILVER25NOV155500CE,MCX:SILVER25DECFUT,1177.0000,153609,155500,2025-11-26 23:20:00,40.4342,c,1
2025-11-24 16:01:00,MCX:SILVER25NOV155500CE,MCX:SILVER25DECFUT,1177.0000,153577,155500,2025-11-26 23:20:00,40.6912,c,1
2025-11-24 16:02:00,MCX:SILVER25NOV155500CE,MCX:SILVER25DECFUT,1177.0000,153619,155500,2025-11-26 23:20:00,40.3678,c,1
2025-11-24 16:03:00,MCX:SILVER25NOV155500CE,MCX:SILVER25DECFUT,1177.0000,153659,155500,2025-11-26 23:20:00,40.0591,c,1
2025-11-24 16:04:00,MCX:SILVER25NOV155500CE,MCX:SILVER25DECFUT,1177.0000,153538,155500,2025-11-26 23:20:00,41.0146,c,1
2025-11-24 16:05:00,MCX:SILVER25NOV155500CE,MCX:SILVER25DECFUT,1150.0000,153643,155500,2025-11-26 23:20:00,39.6043,c,1
2025-11-24 16:06:00,MCX:SILVER25NOV155500CE,MCX:SILVER25DECFUT,1150.0000,153591,155500,2025-11-26 23:20:00,40.0175,c,1
2025-11-24 16:07:00,MCX:SILVER25NOV155500CE,MCX:SILVER25DECFUT,1150.0000,153620,155500,2025-11-26 23:20:00,39.7966,c,1
2025-11-24 16:08:00,MCX:SILVER25NOV155500CE,MCX:SILVER25DECFUT,1150.0000,153645,155500,2025-11-26 23:20:00,39.6066,c,1
2025-11-24 16:09:00,MCX:SILVER25NOV155500CE,MCX:SILVER25DECFUT,1150.0000,153687,155500,2025-11-26 23:20:00,39.2823,c,1
2025-11-24 16:10:00,MCX:SILVER25NOV155500CE,MCX:SILVER25DECFUT,1150.0000,153678,155500,2025-11-26 23:20:00,39.3591,c,1
2025-11-24 16:11:00,MCX:SILVER25NOV155500CE,MCX:SILVER25DECFUT,1150.0000,153724,155500,2025-11-26 23:20:00,39.0021,c,1
2025-11-24 16:12:00,MCX:SILVER25NOV155500CE,MCX:SILVER25DECFUT,1150.0000,153799,155500,2025-11-26 23:20:00,38.4132,c,1
2025-11-24 16:13:00,MCX:SILVER25NOV155500CE,MCX:SILVER25DECFUT,1150.0000,153799,155500,2025-11-26 23:20:00,38.4191,c,1
2025-11-24 16:14:00,MCX:SILVER25NOV155500CE,MCX:SILVER25DECFUT,1150.0000,153768,155500,2025-11-26 23:20:00,38.6712,c,1
2025-11-24 16:15:00,MCX:SILVER25NOV155500CE,MCX:SILVER25DECFUT,1150.0000,153768,155500,2025-11-26 23:20:00,38.6771,c,1
2025-11-24 16:16:00,MCX:SILVER25NOV155500CE,MCX:SILVER25DECFUT,1150.0000,153768,155500,2025-11-26 23:20:00,38.6829,c,1
2025-11-24 16:17:00,MCX:SILVER25NOV155500CE,MCX:SILVER25DECFUT,1150.0000,153680,155500,2025-11-26 23:20:00,39.3850,c,1
2025-11-24 16:18:00,MCX:SILVER25NOV155500CE,MCX:SILVER25DECFUT,1150.0000,153717,155500,2025-11-26 23:20:00,39.0988,c,1
2025-11-24 16:19:00,MCX:SILVER25NOV155500CE,MCX:SILVER25DECFUT,1150.0000,153600,155500,2025-11-26 23:20:00,40.0256,c,1
2025-11-24 16:20:00,MCX:SILVER25NOV155500CE,MCX:SILVER25DECFUT,1150.0000,153599,155500,2025-11-26 23:20:00,40.0395,c,1
2025-11-24 16:21:00,MCX:SILVER25NOV155500CE,MCX:SILVER25DECFUT,1150.0000,153491,155500,2025-11-26 23:20:00,40.8883,c,1
2025-11-24 16:22:00,MCX:SILVER25NOV155500CE,MCX:SILVER25DECFUT,1150.0000,153488,155500,2025-11-26 23:20:00,40.9178,c,1
2025-11-24 16:23:00,MCX:SILVER25NOV155500CE,MCX:SILVER25DECFUT,1150.0000,153480,155500,2025-11-26 23:20:00,40.9862,c,1
2025-11-24 16:24:00,MCX:SILVER25NOV155500CE,MCX:SILVER25DECFUT,1150.0000,153510,155500,2025-11-26 23:20:00,40.7591,c,1
2025-11-24 16:25:00,MCX:SILVER25NOV155500CE,MCX:SILVER25DECFUT,1150.0000,153490,155500,2025-11-26 23:20:00,40.9209,c,1
2025-11-24 16:26:00,MCX:SILVER25NOV155500CE,MCX:SILVER25DECFUT,1150.0000,153570,155500,2025-11-26 23:20:00,40.3031,c,1
2025-11-24 16:27:00,MCX:SILVER25NOV155500CE,MCX:SILVER25DECFUT,1150.0000,153590,155500,2025-11-26 23:20:00,40.1526,c,1
2025-11-24 16:28:00,MCX:SILVER25NOV155500CE,MCX:SILVER25DECFUT,1150.0000,153570,155500,2025-11-26 23:20:00,40.3153,c,1
2025-11-24 16:29:00,MCX:SILVER25NOV155500CE,MCX:SILVER25DECFUT,1150.0000,153527,155500,2025-11-26 23:20:00,40.6575,c,1
2025-11-24 16:30:00,MCX:SILVER25NOV155500CE,MCX:SILVER25DECFUT,1150.0000,153451,155500,2025-11-26 23:20:00,41.2550,c,1
2025-11-24 16:31:00,MCX:SILVER25NOV155500CE,MCX:SILVER25DECFUT,1150.0000,153473,155500,2025-11-26 23:20:00,41.0904,c,1
2025-11-24 16:32:00,MCX:SILVER25NOV155500CE,MCX:SILVER25DECFUT,1150.0000,153564,155500,2025-11-26 23:20:00,40.3868,c,1
2025-11-24 16:33:00,MCX:SILVER25NOV155500CE,MCX:SILVER25DECFUT,1150.0000,153585,155500,2025-11-26 23:20:00,40.2284,c,1
2025-11-24 16:34:00,MCX:SILVER25NOV155500CE,MCX:SILVER25DECFUT,1150.0000,153535,155500,2025-11-26 23:20:00,40.6259,c,1
2025-11-24 16:35:00,MCX:SILVER25NOV155500CE,MCX:SILVER25DECFUT,1150.0000,153574,155500,2025-11-26 23:20:00,40.3269,c,1
2025-11-24 16:36:00,MCX:SILVER25NOV155500CE,MCX:SILVER25DECFUT,1150.0000,153498,155500,2025-11-26 23:20:00,40.9270,c,1
2025-11-24 16:37:00,MCX:SILVER25NOV155500CE,MCX:SILVER25DECFUT,1150.0000,153598,155500,2025-11-26 23:20:00,40.1508,c,1
2025-11-24 16:38:00,MCX:SILVER25NOV155500CE,MCX:SILVER25DECFUT,1150.0000,153580,155500,2025-11-26 23:20:00,40.2982,c,1
2025-11-24 16:39:00,MCX:SILVER25NOV155500CE,MCX:SILVER25DECFUT,1150.0000,153647,155500,2025-11-26 23:20:00,39.7773,c,1
2025-11-24 16:40:00,MCX:SILVER25NOV155500CE,MCX:SILVER25DECFUT,1150.0000,153615,155500,2025-11-26 23:20:00,40.0355,c,1
2025-11-24 16:41:00,MCX:SILVER25NOV155500CE,MCX:SILVER25DECFUT,1150.0000,153615,155500,2025-11-26 23:20:00,40.0416,c,1
2025-11-24 16:42:00,MCX:SILVER25NOV155500CE,MCX:SILVER25DECFUT,1150.0000,153641,155500,2025-11-26 23:20:00,39.8428,c,1
2025-11-24 16:43:00,MCX:SILVER25NOV155500CE,MCX:SILVER25DECFUT,1150.0000,153600,155500,2025-11-26 23:20:00,40.1718,c,1
2025-11-24 16:44:00,MCX:SILVER25NOV155500CE,MCX:SILVER25DECFUT,1150.0000,153600,155500,2025-11-26 23:20:00,40.1779,c,1
2025-11-24 16:45:00,MCX:SILVER25NOV155500CE,MCX:SILVER25DECFUT,1150.0000,153662,155500,2025-11-26 23:20:00,39.6952,c,1
2025-11-24 16:46:00,MCX:SILVER25NOV155500CE,MCX:SILVER25DECFUT,1150.0000,153719,155500,2025-11-26 23:20:00,39.2496,c,1
2025-11-24 16:47:00,MCX:SILVER25NOV155500CE,MCX:SILVER25DECFUT,1150.0000,153700,155500,2025-11-26 23:20:00,39.4064,c,1
2025-11-24 16:48:00,MCX:SILVER25NOV155500CE,MCX:SILVER25DECFUT,1150.0000,153655,155500,2025-11-26 23:20:00,39.7687,c,1
2025-11-24 16:49:00,MCX:SILVER25NOV155500CE,MCX:SILVER25DECFUT,1150.0000,153750,155500,2025-11-26 23:20:00,39.0209,c,1
2025-11-24 16:50:00,MCX:SILVER25NOV155500CE,MCX:SILVER25DECFUT,1150.0000,153726,155500,2025-11-26 23:20:00,39.2179,c,1
2025-11-24 16:51:00,MCX:SILVER25NOV155500CE,MCX:SILVER25DECFUT,1150.0000,153728,155500,2025-11-26 23:20:00,39.2080,c,1
2025-11-24 16:52:00,MCX:SILVER25NOV155500CE,MCX:SILVER25DECFUT,1150.0000,153638,155500,2025-11-26 23:20:00,39.9274,c,1
2025-11-24 16:53:00,MCX:SILVER25NOV155500CE,MCX:SILVER25DECFUT,1150.0000,153694,155500,2025-11-26 23:20:00,39.4902,c,1
2025-11-24 16:54:00,MCX:SILVER25NOV155500CE,MCX:SILVER25DECFUT,1150.0000,153681,155500,2025-11-26 23:20:00,39.5993,c,1
2025-11-24 16:55:00,MCX:SILVER25NOV155500CE,MCX:SILVER25DECFUT,1150.0000,153638,155500,2025-11-26 23:20:00,39.9457,c,1
2025-11-24 16:56:00,MCX:SILVER25NOV155500CE,MCX:SILVER25DECFUT,1150.0000,153654,155500,2025-11-26 23:20:00,39.8253,c,1
2025-11-24 16:57:00,MCX:SILVER25NOV155500CE,MCX:SILVER25DECFUT,1150.0000,153646,155500,2025-11-26 23:20:00,39.8947,c,1
2025-11-24 16:58:00,MCX:SILVER25NOV155500CE,MCX:SILVER25DECFUT,1150.0000,153670,155500,2025-11-26 23:20:00,39.7108,c,1
2025-11-24 16:59:00,MCX:SILVER25NOV155500CE,MCX:SILVER25DECFUT,1150.0000,153696,155500,2025-11-26 23:20:00,39.5106,c,1
2025-11-24 17:00:00,MCX:SILVER25NOV155500CE,MCX:SILVER25DECFUT,1150.0000,153708,155500,2025-11-26 23:20:00,39.4212,c,1
2025-11-24 17:01:00,MCX:SILVER25NOV155500CE,MCX:SILVER25DECFUT,1150.0000,153708,155500,2025-11-26 23:20:00,39.4273,c,1
2025-11-24 17:02:00,MCX:SILVER25NOV155500CE,MCX:SILVER25DECFUT,1150.0000,153672,155500,2025-11-26 23:20:00,39.7193,c,1
2025-11-24 17:03:00,MCX:SILVER25NOV155500CE,MCX:SILVER25DECFUT,1150.0000,153672,155500,2025-11-26 23:20:00,39.7254,c,1
2025-11-24 17:04:00,MCX:SILVER25NOV155500CE,MCX:SILVER25DECFUT,1150.0000,153624,155500,2025-11-26 23:20:00,40.1115,c,1
2025-11-24 17:05:00,MCX:SILVER25NOV155500CE,MCX:SILVER25DECFUT,1150.0000,153631,155500,2025-11-26 23:20:00,40.0624,c,1
2025-11-24 17:06:00,MCX:SILVER25NOV155500CE,MCX:SILVER25DECFUT,1150.0000,153600,155500,2025-11-26 23:20:00,40.3134,c,1
2025-11-24 17:07:00,MCX:SILVER25NOV155500CE,MCX:SILVER25DECFUT,1150.0000,153580,155500,2025-11-26 23:20:00,40.4773,c,1
2025-11-24 17:08:00,MCX:SILVER25NOV155500CE,MCX:SILVER25DECFUT,1150.0000,153496,155500,2025-11-26 23:20:00,41.1434,c,1
2025-11-24 17:09:00,MCX:SILVER25NOV155500CE,MCX:SILVER25DECFUT,1010.5000,153498,155500,2025-11-26 23:20:00,37.9928,c,1
2025-11-24 17:10:00,MCX:SILVER25NOV155500CE,MCX:SILVER25DECFUT,1010.5000,153491,155500,2025-11-26 23:20:00,38.0522,c,1
2025-11-24 17:11:00,MCX:SILVER25NOV155500CE,MCX:SILVER25DECFUT,1010.5000,153600,155500,2025-11-26 23:20:00,37.2203,c,1
2025-11-24 17:12:00,MCX:SILVER25NOV155500CE,MCX:SILVER25DECFUT,1010.5000,153541,155500,2025-11-26 23:20:00,37.6804,c,1
2025-11-24 17:13:00,MCX:SILVER25NOV155500CE,MCX:SILVER25DECFUT,1010.5000,153603,155500,2025-11-26 23:20:00,37.2086,c,1
2025-11-24 17:14:00,MCX:SILVER25NOV155500CE,MCX:SILVER25DECFUT,1010.5000,153567,155500,2025-11-26 23:20:00,37.4920,c,1
2025-11-24 17:15:00,MCX:SILVER25NOV155500CE,MCX:SILVER25DECFUT,1010.5000,153508,155500,2025-11-26 23:20:00,37.9512,c,1
2025-11-24 17:16:00,MCX:SILVER25NOV155500CE,MCX:SILVER25DECFUT,1010.5000,153542,155500,2025-11-26 23:20:00,37.6960,c,1
2025-11-24 17:17:00,MCX:SILVER25NOV155500CE,MCX:SILVER25DECFUT,1010.5000,153559,155500,2025-11-26 23:20:00,37.5709,c,1
2025-11-24 17:18:00,MCX:SILVER25NOV155500CE,MCX:SILVER25DECFUT,1010.5000,153600,155500,2025-11-26 23:20:00,37.2604,c,1
2025-11-24 17:19:00,MCX:SILVER25NOV155500CE,MCX:SILVER25DECFUT,1010.5000,153586,155500,2025-11-26 23:20:00,37.3743,c,1
2025-11-24 17:20:00,MCX:SILVER25NOV155500CE,MCX:SILVER25DECFUT,1010.5000,153620,155500,2025-11-26 23:20:00,37.1172,c,1
2025-11-24 17:21:00,MCX:SILVER25NOV155500CE,MCX:SILVER25DECFUT,1010.5000,153674,155500,2025-11-26 23:20:00,36.7038,c,1
2025-11-24 17:22:00,MCX:SILVER25NOV155500CE,MCX:SILVER25DECFUT,1010.5000,153600,155500,2025-11-26 23:20:00,37.2834,c,1
2025-11-24 17:23:00,MCX:SILVER25NOV155500CE,MCX:SILVER25DECFUT,1010.5000,153627,155500,2025-11-26 23:20:00,37.0801,c,1
2025-11-24 17:24:00,MCX:SILVER25NOV155500CE,MCX:SILVER25DECFUT,1010.5000,153638,155500,2025-11-26 23:20:00,37.0005,c,1
2025-11-24 17:25:00,MCX:SILVER25NOV155500CE,MCX:SILVER25DECFUT,1010.5000,153647,155500,2025-11-26 23:20:00,36.9364,c,1
2025-11-24 17:26:00,MCX:SILVER25NOV155500CE,MCX:SILVER25DECFUT,1010.5000,153638,155500,2025-11-26 23:20:00,37.0119,c,1
2025-11-24 17:27:00,MCX:SILVER25NOV155500CE,MCX:SILVER25DECFUT,1010.5000,153638,155500,2025-11-26 23:20:00,37.0177,c,1
2025-11-24 17:28:00,MCX:SILVER25NOV155500CE,MCX:SILVER25DECFUT,1010.5000,153623,155500,2025-11-26 23:20:00,37.1398,c,1
2025-11-24 17:29:00,MCX:SILVER25NOV155500CE,MCX:SILVER25DECFUT,1010.5000,153540,155500,2025-11-26 23:20:00,37.7871,c,1
2025-11-24 17:30:00,MCX:SILVER25NOV155500CE,MCX:SILVER25DECFUT,1010.5000,153500,155500,2025-11-26 23:20:00,38.1006,c,1
2025-11-24 17:31:00,MCX:SILVER25NOV155500CE,MCX:SILVER25DECFUT,1010.5000,153498,155500,2025-11-26 23:20:00,38.1219,c,1
2025-11-24 17:32:00,MCX:SILVER25NOV155500CE,MCX:SILVER25DECFUT,1010.5000,153432,155500,2025-11-26 23:20:00,38.6335,c,1
2025-11-24 17:33:00,MCX:SILVER25NOV155500CE,MCX:SILVER25DECFUT,1102.5000,153481,155500,2025-11-26 23:20:00,40.3504,c,1
2025-11-24 17:34:00,MCX:SILVER25NOV155500CE,MCX:SILVER25DECFUT,1102.5000,153509,155500,2025-11-26 23:20:00,40.1382,c,1
2025-11-24 17:35:00,MCX:SILVER25NOV155500CE,MCX:SILVER25DECFUT,1102.5000,153550,155500,2025-11-26 23:20:00,39.8236,c,1
2025-11-24 17:36:00,MCX:SILVER25NOV155500CE,MCX:SILVER25DECFUT,1102.5000,153550,155500,2025-11-26 23:20:00,39.8298,c,1
2025-11-24 17:37:00,MCX:SILVER25NOV155500CE,MCX:SILVER25DECFUT,1102.5000,153436,155500,2025-11-26 23:20:00,40.7257,c,1
2025-11-24 17:38:00,MCX:SILVER25NOV155500CE,MCX:SILVER25DECFUT,1102.5000,153456,155500,2025-11-26 23:20:00,40.5765,c,1
2025-11-24 17:39:00,MCX:SILVER25NOV155500CE,MCX:SILVER25DECFUT,1102.5000,153449,155500,2025-11-26 23:20:00,40.6372,c,1
2025-11-24 17:40:00,MCX:SILVER25NOV155500CE,MCX:SILVER25DECFUT,1102.5000,153383,155500,2025-11-26 23:20:00,41.1559,c,1
2025-11-24 17:41:00,MCX:SILVER25NOV155500CE,MCX:SILVER25DECFUT,1102.5000,153325,155500,2025-11-26 23:20:00,41.6107,c,1
2025-11-24 17:42:00,MCX:SILVER25NOV155500CE,MCX:SILVER25DECFUT,1102.5000,153311,155500,2025-11-26 23:20:00,41.7251,c,1
2025-11-24 17:43:00,MCX:SILVER25NOV155500CE,MCX:SILVER25DECFUT,1102.5000,153419,155500,2025-11-26 23:20:00,40.8958,c,1
2025-11-24 17:44:00,MCX:SILVER25NOV155500CE,MCX:SILVER25DECFUT,1102.5000,153409,155500,2025-11-26 23:20:00,40.9798,c,1
2025-11-24 17:45:00,MCX:SILVER25NOV155500CE,MCX:SILVER25DECFUT,1102.5000,153464,155500,2025-11-26 23:20:00,40.5582,c,1
2025-11-24 17:46:00,MCX:SILVER25NOV155500CE,MCX:SILVER25DECFUT,1102.5000,153504,155500,2025-11-26 23:20:00,40.2521,c,1
2025-11-24 17:47:00,MCX:SILVER25NOV155500CE,MCX:SILVER25DECFUT,1102.5000,153416,155500,2025-11-26 23:20:00,40.9446,c,1
2025-11-24 17:48:00,MCX:SILVER25NOV155500CE,MCX:SILVER25DECFUT,1102.5000,153441,155500,2025-11-26 23:20:00,40.7564,c,1
2025-11-24 17:49:00,MCX:SILVER25NOV155500CE,MCX:SILVER25DECFUT,1102.5000,153452,155500,2025-11-26 23:20:00,40.6770,c,1
2025-11-24 17:50:00,MCX:SILVER25NOV155500CE,MCX:SILVER25DECFUT,1102.5000,153482,155500,2025-11-26 23:20:00,40.4492,c,1
2025-11-24 17:51:00,MCX:SILVER25NOV155500CE,MCX:SILVER25DECFUT,1102.5000,153536,155500,2025-11-26 23:20:00,40.0326,c,1
2025-11-24 17:52:00,MCX:SILVER25NOV155500CE,MCX:SILVER25DECFUT,1102.5000,153536,155500,2025-11-26 23:20:00,40.0388,c,1
2025-11-24 17:53:00,MCX:SILVER25NOV155500CE,MCX:SILVER25DECFUT,1102.5000,153536,155500,2025-11-26 23:20:00,40.0451,c,1
2025-11-24 17:54:00,MCX:SILVER25NOV155500CE,MCX:SILVER25DECFUT,1102.5000,153521,155500,2025-11-26 23:20:00,40.1690,c,1
2025-11-24 17:55:00,MCX:SILVER25NOV155500CE,MCX:SILVER25DECFUT,1102.5000,153510,155500,2025-11-26 23:20:00,40.2615,c,1
2025-11-24 17:56:00,MCX:SILVER25NOV155500CE,MCX:SILVER25DECFUT,1102.5000,153543,155500,2025-11-26 23:20:00,40.0088,c,1
2025-11-24 17:57:00,MCX:SILVER25NOV155500CE,MCX:SILVER25DECFUT,1102.5000,153525,155500,2025-11-26 23:20:00,40.1564,c,1
2025-11-24 17:58:00,MCX:SILVER25NOV155500CE,MCX:SILVER25DECFUT,1102.5000,153540,155500,2025-11-26 23:20:00,40.0449,c,1
2025-11-24 17:59:00,MCX:SILVER25NOV155500CE,MCX:SILVER25DECFUT,1102.5000,153578,155500,2025-11-26 23:20:00,39.7520,c,1
2025-11-24 18:00:00,MCX:SILVER25NOV155500CE,MCX:SILVER25DECFUT,1102.5000,153600,155500,2025-11-26 23:20:00,39.5846,c,1
2025-11-24 18:01:00,MCX:SILVER25NOV155500CE,MCX:SILVER25DECFUT,1102.5000,153700,155500,2025-11-26 23:20:00,38.7975,c,1
2025-11-24 18:02:00,MCX:SILVER25NOV155500CE,MCX:SILVER25DECFUT,1102.5000,153771,155500,2025-11-26 23:20:00,38.2363,c,1
2025-11-24 18:03:00,MCX:SILVER25NOV155500CE,MCX:SILVER25DECFUT,1102.5000,153745,155500,2025-11-26 23:20:00,38.4505,c,1
2025-11-24 18:04:00,MCX:SILVER25NOV155500CE,MCX:SILVER25DECFUT,1102.5000,153713,155500,2025-11-26 23:20:00,38.7121,c,1
2025-11-24 18:05:00,MCX:SILVER25NOV155500CE,MCX:SILVER25DECFUT,1102.5000,153745,155500,2025-11-26 23:20:00,38.4625,c,1
2025-11-24 18:06:00,MCX:SILVER25NOV155500CE,MCX:SILVER25DECFUT,1102.5000,153710,155500,2025-11-26 23:20:00,38.7481,c,1
2025-11-24 18:07:00,MCX:SILVER25NOV155500CE,MCX:SILVER25DECFUT,1102.5000,153710,155500,2025-11-26 23:20:00,38.7542,c,1
2025-11-24 18:08:00,MCX:SILVER25NOV155500CE,MCX:SILVER25DECFUT,1102.5000,153765,155500,2025-11-26 23:20:00,38.3203,c,1
2025-11-24 18:09:00,MCX:SILVER25NOV155500CE,MCX:SILVER25DECFUT,1102.5000,153830,155500,2025-11-26 23:20:00,37.8036,c,1
2025-11-24 18:10:00,MCX:SILVER25NOV155500CE,MCX:SILVER25DECFUT,1102.5000,153842,155500,2025-11-26 23:20:00,37.7127,c,1
2025-11-24 18:11:00,MCX:SILVER25NOV155500CE,MCX:SILVER25DECFUT,1102.5000,153835,155500,2025-11-26 23:20:00,37.7751,c,1
2025-11-24 18:12:00,MCX:SILVER25NOV155500CE,MCX:SILVER25DECFUT,1102.5000,153825,155500,2025-11-26 23:20:00,37.8617,c,1
2025-11-24 18:13:00,MCX:SILVER25NOV155500CE,MCX:SILVER25DECFUT,1102.5000,153880,155500,2025-11-26 23:20:00,37.4229,c,1
2025-11-24 18:14:00,MCX:SILVER25NOV155500CE,MCX:SILVER25DECFUT,1102.5000,153921,155500,2025-11-26 23:20:00,37.0958,c,1
2025-11-24 18:15:00,MCX:SILVER25NOV155500CE,MCX:SILVER25DECFUT,1102.5000,153964,155500,2025-11-26 23:20:00,36.7509,c,1
2025-11-24 18:16:00,MCX:SILVER25NOV155500CE,MCX:SILVER25DECFUT,1102.5000,154000,155500,2025-11-26 23:20:00,36.4620,c,1
2025-11-24 18:17:00,MCX:SILVER25NOV155500CE,MCX:SILVER25DECFUT,1102.5000,154063,155500,2025-11-26 23:20:00,35.9494,c,1
2025-11-24 18:18:00,MCX:SILVER25NOV155500CE,MCX:SILVER25DECFUT,1102.5000,154138,155500,2025-11-26 23:20:00,35.3336,c,1
2025-11-24 18:19:00,MCX:SILVER25NOV155500CE,MCX:SILVER25DECFUT,1102.5000,154077,155500,2025-11-26 23:20:00,35.8450,c,1
2025-11-24 18:20:00,MCX:SILVER25NOV155500CE,MCX:SILVER25DECFUT,1102.5000,154108,155500,2025-11-26 23:20:00,35.5939,c,1
2025-11-24 18:21:00,MCX:SILVER25NOV155500CE,MCX:SILVER25DECFUT,1102.5000,154116,155500,2025-11-26 23:20:00,35.5331,c,1
2025-11-24 18:22:00,MCX:SILVER25NOV155500CE,MCX:SILVER25DECFUT,1102.5000,153988,155500,2025-11-26 23:20:00,36.5948,c,1
2025-11-24 18:23:00,MCX:SILVER25NOV155500CE,MCX:SILVER25DECFUT,1102.5000,153983,155500,2025-11-26 23:20:00,36.6415,c,1
2025-11-24 18:24:00,MCX:SILVER25NOV155500CE,MCX:SILVER25DECFUT,1102.5000,153975,155500,2025-11-26 23:20:00,36.7129,c,1
2025-11-24 18:25:00,MCX:SILVER25NOV155500CE,MCX:SILVER25DECFUT,1102.5000,153906,155500,2025-11-26 23:20:00,37.2821,c,1
2025-11-24 18:26:00,MCX:SILVER25NOV155500CE,MCX:SILVER25DECFUT,1102.5000,153867,155500,2025-11-26 23:20:00,37.6050,c,1
2025-11-24 18:27:00,MCX:SILVER25NOV155500CE,MCX:SILVER25DECFUT,1102.5000,153859,155500,2025-11-26 23:20:00,37.6758,c,1
2025-11-24 18:28:00,MCX:SILVER25NOV155500CE,MCX:SILVER25DECFUT,1102.5000,153926,155500,2025-11-26 23:20:00,37.1367,c,1
2025-11-24 18:29:00,MCX:SILVER25NOV155500CE,MCX:SILVER25DECFUT,1102.5000,154089,155500,2025-11-26 23:20:00,35.8020,c,1
2025-11-24 18:30:00,MCX:SILVER25NOV155500CE,MCX:SILVER25DECFUT,1102.5000,154027,155500,2025-11-26 23:20:00,36.3201,c,1
2025-11-24 18:31:00,MCX:SILVER25NOV155500CE,MCX:SILVER25DECFUT,1102.5000,153934,155500,2025-11-26 23:20:00,37.0889,c,1
2025-11-24 18:32:00,MCX:SILVER25NOV155500CE,MCX:SILVER25DECFUT,1102.5000,153990,155500,2025-11-26 23:20:00,36.6360,c,1
2025-11-24 18:33:00,MCX:SILVER25NOV155500CE,MCX:SILVER25DECFUT,1102.5000,154052,155500,2025-11-26 23:20:00,36.1309,c,1
2025-11-24 18:34:00,MCX:SILVER25NOV155500CE,MCX:SILVER25DECFUT,1102.5000,154150,155500,2025-11-26 23:20:00,35.3226,c,1
2025-11-24 18:35:00,MCX:SILVER25NOV155500CE,MCX:SILVER25DECFUT,1102.5000,154061,155500,2025-11-26 23:20:00,36.0679,c,1
2025-11-24 18:36:00,MCX:SILVER25NOV155500CE,MCX:SILVER25DECFUT,1102.5000,154000,155500,2025-11-26 23:20:00,36.5769,c,1
2025-11-24 18:37:00,MCX:SILVER25NOV155500CE,MCX:SILVER25DECFUT,1102.5000,153954,155500,2025-11-26 23:20:00,36.9604,c,1
2025-11-24 18:38:00,MCX:SILVER25NOV155500CE,MCX:SILVER25DECFUT,1102.5000,153946,155500,2025-11-26 23:20:00,37.0317,c,1
2025-11-24 18:39:00,MCX:SILVER25NOV155500CE,MCX:SILVER25DECFUT,1102.5000,153989,155500,2025-11-26 23:20:00,36.6848,c,1
2025-11-24 18:40:00,MCX:SILVER25NOV155500CE,MCX:SILVER25DECFUT,1102.5000,153863,155500,2025-11-26 23:20:00,37.7206,c,1
2025-11-24 18:41:00,MCX:SILVER25NOV155500CE,MCX:SILVER25DECFUT,1102.5000,153837,155500,2025-11-26 23:20:00,37.9377,c,1
2025-11-24 18:42:00,MCX:SILVER25NOV155500CE,MCX:SILVER25DECFUT,1102.5000,153855,155500,2025-11-26 23:20:00,37.7976,c,1
2025-11-24 18:43:00,MCX:SILVER25NOV155500CE,MCX:SILVER25DECFUT,1102.5000,153970,155500,2025-11-26 23:20:00,36.8642,c,1
2025-11-24 18:44:00,MCX:SILVER25NOV155500CE,MCX:SILVER25DECFUT,1102.5000,153948,155500,2025-11-26 23:20:00,37.0505,c,1
2025-11-24 18:45:00,MCX:SILVER25NOV155500CE,MCX:SILVER25DECFUT,1102.5000,153948,155500,2025-11-26 23:20:00,37.0564,c,1
2025-11-24 18:46:00,MCX:SILVER25NOV155500CE,MCX:SILVER25DECFUT,1102.5000,153909,155500,2025-11-26 23:20:00,37.3814,c,1
2025-11-24 18:47:00,MCX:SILVER25NOV155500CE,MCX:SILVER25DECFUT,1102.5000,153988,155500,2025-11-26 23:20:00,36.7395,c,1
2025-11-24 18:48:00,MCX:SILVER25NOV155500CE,MCX:SILVER25DECFUT,1102.5000,154034,155500,2025-11-26 23:20:00,36.3657,c,1
2025-11-24 18:49:00,MCX:SILVER25NOV155500CE,MCX:SILVER25DECFUT,1102.5000,154005,155500,2025-11-26 23:20:00,36.6110,c,1
2025-11-24 18:50:00,MCX:SILVER25NOV155500CE,MCX:SILVER25DECFUT,1102.5000,153999,155500,2025-11-26 23:20:00,36.6663,c,1
2025-11-24 18:51:00,MCX:SILVER25NOV155500CE,MCX:SILVER25DECFUT,1102.5000,153958,155500,2025-11-26 23:20:00,37.0095,c,1
2025-11-24 18:52:00,MCX:SILVER25NOV155500CE,MCX:SILVER25DECFUT,1102.5000,153936,155500,2025-11-26 23:20:00,37.1960,c,1
2025-11-24 18:53:00,MCX:SILVER25NOV155500CE,MCX:SILVER25DECFUT,1102.5000,153893,155500,2025-11-26 23:20:00,37.5537,c,1
2025-11-24 18:54:00,MCX:SILVER25NOV155500CE,MCX:SILVER25DECFUT,1102.5000,153790,155500,2025-11-26 23:20:00,38.3971,c,1
2025-11-24 18:55:00,MCX:SILVER25NOV155500CE,MCX:SILVER25DECFUT,1102.5000,153750,155500,2025-11-26 23:20:00,38.7264,c,1
2025-11-24 18:56:00,MCX:SILVER25NOV155500CE,MCX:SILVER25DECFUT,1102.5000,153837,155500,2025-11-26 23:20:00,38.0280,c,1
2025-11-24 18:57:00,MCX:SILVER25NOV155500CE,MCX:SILVER25DECFUT,1102.5000,153900,155500,2025-11-26 23:20:00,37.5204,c,1
2025-11-24 18:58:00,MCX:SILVER25NOV155500CE,MCX:SILVER25DECFUT,1102.5000,153887,155500,2025-11-26 23:20:00,37.6326,c,1
2025-11-24 18:59:00,MCX:SILVER25NOV155500CE,MCX:SILVER25DECFUT,1102.5000,153932,155500,2025-11-26 23:20:00,37.2702,c,1
2025-11-24 19:00:00,MCX:SILVER25NOV155500CE,MCX:SILVER25DECFUT,1102.5000,154003,155500,2025-11-26 23:20:00,36.6916,c,1
2025-11-24 19:01:00,MCX:SILVER25NOV155500CE,MCX:SILVER25DECFUT,1102.5000,154123,155500,2025-11-26 23:20:00,35.7001,c,1
2025-11-24 19:02:00,MCX:SILVER25NOV155500CE,MCX:SILVER25DECFUT,1300.0000,154160,155500,2025-11-26 23:20:00,39.7258,c,1
2025-11-24 19:03:00,MCX:SILVER25NOV155500CE,MCX:SILVER25DECFUT,1300.0000,154100,155500,2025-11-26 23:20:00,40.2473,c,1
2025-11-24 19:04:00,MCX:SILVER25NOV155500CE,MCX:SILVER25DECFUT,1300.0000,154051,155500,2025-11-26 23:20:00,40.6724,c,1
2025-11-24 19:05:00,MCX:SILVER25NOV155500CE,MCX:SILVER25DECFUT,1300.0000,154051,155500,2025-11-26 23:20:00,40.6788,c,1
2025-11-24 19:06:00,MCX:SILVER25NOV155500CE,MCX:SILVER25DECFUT,1300.0000,154101,155500,2025-11-26 23:20:00,40.2580,c,1
2025-11-24 19:07:00,MCX:SILVER25NOV155500CE,MCX:SILVER25DECFUT,1300.0000,154177,155500,2025-11-26 23:20:00,39.6108,c,1
2025-11-24 19:08:00,MCX:SILVER25NOV155500CE,MCX:SILVER25DECFUT,1300.0000,154152,155500,2025-11-26 23:20:00,39.8327,c,1
2025-11-24 19:09:00,MCX:SILVER25NOV155500CE,MCX:SILVER25DECFUT,1300.0000,154047,155500,2025-11-26 23:20:00,40.7389,c,1
2025-11-24 19:10:00,MCX:SILVER25NOV155500CE,MCX:SILVER25DECFUT,1300.0000,154000,155500,2025-11-26 23:20:00,41.1454,c,1
2025-11-24 19:11:00,MCX:SILVER25NOV155500CE,MCX:SILVER25DECFUT,1300.0000,153923,155500,2025-11-26 23:20:00,41.8038,c,1
2025-11-24 19:12:00,MCX:SILVER25NOV155500CE,MCX:SILVER25DECFUT,1300.0000,153910,155500,2025-11-26 23:20:00,41.9201,c,1
2025-11-24 19:13:00,MCX:SILVER25NOV155500CE,MCX:SILVER25DECFUT,1300.0000,153831,155500,2025-11-26 23:20:00,42.5905,c,1
2025-11-24 19:14:00,MCX:SILVER25NOV155500CE,MCX:SILVER25DECFUT,1300.0000,153850,155500,2025-11-26 23:20:00,42.4381,c,1
2025-11-24 19:15:00,MCX:SILVER25NOV155500CE,MCX:SILVER25DECFUT,1300.0000,153884,155500,2025-11-26 23:20:00,42.1592,c,1
2025-11-24 19:16:00,MCX:SILVER25NOV155500CE,MCX:SILVER25DECFUT,1300.0000,153925,155500,2025-11-26 23:20:00,41.8203,c,1
2025-11-24 19:17:00,MCX:SILVER25NOV155500CE,MCX:SILVER25DECFUT,1300.0000,153868,155500,2025-11-26 23:20:00,42.3073,c,1
2025-11-24 19:18:00,MCX:SILVER25NOV155500CE,MCX:SILVER25DECFUT,1300.0000,153868,155500,2025-11-26 23:20:00,42.3140,c,1
2025-11-24 19:19:00,MCX:SILVER25NOV155500CE,MCX:SILVER25DECFUT,1300.0000,153818,155500,2025-11-26 23:20:00,42.7403,c,1
2025-11-24 19:20:00,MCX:SILVER25NOV155500CE,MCX:SILVER25DECFUT,1300.0000,153732,155500,2025-11-26 23:20:00,43.4646,c,1
2025-11-24 19:21:00,MCX:SILVER25NOV155500CE,MCX:SILVER25DECFUT,1300.0000,153775,155500,2025-11-26 23:20:00,43.1134,c,1
2025-11-24 19:22:00,MCX:SILVER25NOV155500CE,MCX:SILVER25DECFUT,1300.0000,153795,155500,2025-11-26 23:20:00,42.9533,c,1
2025-11-24 19:23:00,MCX:SILVER25NOV155500CE,MCX:SILVER25DECFUT,1300.0000,153696,155500,2025-11-26 23:20:00,43.7846,c,1
2025-11-24 19:24:00,MCX:SILVER25NOV155500CE,MCX:SILVER25DECFUT,1300.0000,153726,155500,2025-11-26 23:20:00,43.5424,c,1
2025-11-24 19:25:00,MCX:SILVER25NOV155500CE,MCX:SILVER25DECFUT,1300.0000,153778,155500,2025-11-26 23:20:00,43.1160,c,1
2025-11-24 19:26:00,MCX:SILVER25NOV155500CE,MCX:SILVER25DECFUT,1300.0000,153876,155500,2025-11-26 23:20:00,42.3009,c,1
2025-11-24 19:27:00,MCX:SILVER25NOV155500CE,MCX:SILVER25DECFUT,1300.0000,153776,155500,2025-11-26 23:20:00,43.1466,c,1
2025-11-24 19:28:00,MCX:SILVER25NOV155500CE,MCX:SILVER25DECFUT,1300.0000,153768,155500,2025-11-26 23:20:00,43.2203,c,1
2025-11-24 19:29:00,MCX:SILVER25NOV155500CE,MCX:SILVER25DECFUT,1300.0000,153803,155500,2025-11-26 23:20:00,42.9345,c,1
2025-11-24 19:30:00,MCX:SILVER25NOV155500CE,MCX:SILVER25DECFUT,1300.0000,153816,155500,2025-11-26 23:20:00,42.8325,c,1
2025-11-24 19:31:00,MCX:SILVER25NOV155500CE,MCX:SILVER25DECFUT,1300.0000,153812,155500,2025-11-26 23:20:00,42.8729,c,1
2025-11-24 19:32:00,MCX:SILVER25NOV155500CE,MCX:SILVER25DECFUT,1300.0000,153863,155500,2025-11-26 23:20:00,42.4513,c,1
2025-11-24 19:33:00,MCX:SILVER25NOV155500CE,MCX:SILVER25DECFUT,1129.5000,153812,155500,2025-11-26 23:20:00,39.0669,c,1
2025-11-24 19:34:00,MCX:SILVER25NOV155500CE,MCX:SILVER25DECFUT,1129.5000,153754,155500,2025-11-26 23:20:00,39.5473,c,1
2025-11-24 19:35:00,MCX:SILVER25NOV155500CE,MCX:SILVER25DECFUT,1129.5000,153667,155500,2025-11-26 23:20:00,40.2606,c,1
2025-11-24 19:36:00,MCX:SILVER25NOV155500CE,MCX:SILVER25DECFUT,1129.5000,153660,155500,2025-11-26 23:20:00,40.3237,c,1
2025-11-24 19:37:00,MCX:SILVER25NOV155500CE,MCX:SILVER25DECFUT,1129.5000,153667,155500,2025-11-26 23:20:00,40.2735,c,1
2025-11-24 19:38:00,MCX:SILVER25NOV155500CE,MCX:SILVER25DECFUT,1129.5000,153704,155500,2025-11-26 23:20:00,39.9799,c,1
2025-11-24 19:39:00,MCX:SILVER25NOV155500CE,MCX:SILVER25DECFUT,1129.5000,153773,155500,2025-11-26 23:20:00,39.4240,c,1
2025-11-24 19:40:00,MCX:SILVER25NOV155500CE,MCX:SILVER25DECFUT,1129.5000,153810,155500,2025-11-26 23:20:00,39.1274,c,1
2025-11-24 19:41:00,MCX:SILVER25NOV155500CE,MCX:SILVER25DECFUT,1129.5000,153897,155500,2025-11-26 23:20:00,38.4173,c,1
2025-11-24 19:42:00,MCX:SILVER25NOV155500CE,MCX:SILVER25DECFUT,1129.5000,153842,155500,2025-11-26 23:20:00,38.8771,c,1
2025-11-24 19:43:00,MCX:SILVER25NOV155500CE,MCX:SILVER25DECFUT,1129.5000,153919,155500,2025-11-26 23:20:00,38.2476,c,1
2025-11-24 19:44:00,MCX:SILVER25NOV155500CE,MCX:SILVER25DECFUT,1129.5000,153859,155500,2025-11-26 23:20:00,38.7496,c,1
2025-11-24 19:45:00,MCX:SILVER25NOV155500CE,MCX:SILVER25DECFUT,1129.5000,153880,155500,2025-11-26 23:20:00,38.5826,c,1
2025-11-24 19:46:00,MCX:SILVER25NOV155500CE,MCX:SILVER25DECFUT,1129.5000,153880,155500,2025-11-26 23:20:00,38.5889,c,1
2025-11-24 19:47:00,MCX:SILVER25NOV155500CE,MCX:SILVER25DECFUT,1129.5000,153832,155500,2025-11-26 23:20:00,38.9908,c,1
2025-11-24 19:48:00,MCX:SILVER25NOV155500CE,MCX:SILVER25DECFUT,1129.5000,153700,155500,2025-11-26 23:20:00,40.0770,c,1
2025-11-24 19:49:00,MCX:SILVER25NOV155500CE,MCX:SILVER25DECFUT,1129.5000,153653,155500,2025-11-26 23:20:00,40.4651,c,1
2025-11-24 19:50:00,MCX:SILVER25NOV155500CE,MCX:SILVER25DECFUT,1129.5000,153643,155500,2025-11-26 23:20:00,40.5527,c,1
2025-11-24 19:51:00,MCX:SILVER25NOV155500CE,MCX:SILVER25DECFUT,1129.5000,153576,155500,2025-11-26 23:20:00,41.1006,c,1
2025-11-24 19:52:00,MCX:SILVER25NOV155500CE,MCX:SILVER25DECFUT,1129.5000,153566,155500,2025-11-26 23:20:00,41.1878,c,1
2025-11-24 19:53:00,MCX:SILVER25NOV155500CE,MCX:SILVER25DECFUT,1129.5000,153482,155500,2025-11-26 23:20:00,41.8688,c,1
2025-11-24 19:54:00,MCX:SILVER25NOV155500CE,MCX:SILVER25DECFUT,1129.5000,153496,155500,2025-11-26 23:20:00,41.7635,c,1
2025-11-24 19:55:00,MCX:SILVER25NOV155500CE,MCX:SILVER25DECFUT,1129.5000,153594,155500,2025-11-26 23:20:00,40.9819,c,1
2025-11-24 19:56:00,MCX:SILVER25NOV155500CE,MCX:SILVER25DECFUT,1129.5000,153584,155500,2025-11-26 23:20:00,41.0693,c,1
2025-11-24 19:57:00,MCX:SILVER25NOV155500CE,MCX:SILVER25DECFUT,1129.5000,153550,155500,2025-11-26 23:20:00,41.3500,c,1
2025-11-24 19:58:00,MCX:SILVER25NOV155500CE,MCX:SILVER25DECFUT,1129.5000,153611,155500,2025-11-26 23:20:00,40.8644,c,1
2025-11-24 19:59:00,MCX:SILVER25NOV155500CE,MCX:SILVER25DECFUT,1129.5000,153554,155500,2025-11-26 23:20:00,41.3312,c,1
2025-11-24 20:00:00,MCX:SILVER25NOV155500CE,MCX:SILVER25DECFUT,1129.5000,153594,155500,2025-11-26 23:20:00,41.0152,c,1
2025-11-24 20:01:00,MCX:SILVER25NOV155500CE,MCX:SILVER25DECFUT,1129.5000,153662,155500,2025-11-26 23:20:00,40.4707,c,1
2025-11-24 20:02:00,MCX:SILVER25NOV155500CE,MCX:SILVER25DECFUT,1129.5000,153755,155500,2025-11-26 23:20:00,39.7184,c,1
2025-11-24 20:03:00,MCX:SILVER25NOV155500CE,MCX:SILVER25DECFUT,1129.5000,153665,155500,2025-11-26 23:20:00,40.4595,c,1
2025-11-24 20:04:00,MCX:SILVER25NOV155500CE,MCX:SILVER25DECFUT,1129.5000,153747,155500,2025-11-26 23:20:00,39.7969,c,1
2025-11-24 20:05:00,MCX:SILVER25NOV155500CE,MCX:SILVER25DECFUT,1129.5000,153669,155500,2025-11-26 23:20:00,40.4401,c,1
2025-11-24 20:06:00,MCX:SILVER25NOV155500CE,MCX:SILVER25DECFUT,1129.5000,153743,155500,2025-11-26 23:20:00,39.8426,c,1
2025-11-24 20:07:00,MCX:SILVER25NOV155500CE,MCX:SILVER25DECFUT,1129.5000,153645,155500,2025-11-26 23:20:00,40.6484,c,1
2025-11-24 20:08:00,MCX:SILVER25NOV155500CE,MCX:SILVER25DECFUT,1129.5000,153600,155500,2025-11-26 23:20:00,41.0199,c,1
2025-11-24 20:09:00,MCX:SILVER25NOV155500CE,MCX:SILVER25DECFUT,1129.5000,153561,155500,2025-11-26 23:20:00,41.3419,c,1
2025-11-24 20:10:00,MCX:SILVER25NOV155500CE,MCX:SILVER25DECFUT,1129.5000,153479,155500,2025-11-26 23:20:00,42.0086,c,1
2025-11-24 20:11:00,MCX:SILVER25NOV155500CE,MCX:SILVER25DECFUT,1129.5000,153580,155500,2025-11-26 23:20:00,41.2018,c,1
2025-11-24 20:12:00,MCX:SILVER25NOV155500CE,MCX:SILVER25DECFUT,1129.5000,153601,155500,2025-11-26 23:20:00,41.0385,c,1
2025-11-24 20:13:00,MCX:SILVER25NOV155500CE,MCX:SILVER25DECFUT,1129.5000,153531,155500,2025-11-26 23:20:00,41.6109,c,1
2025-11-24 20:14:00,MCX:SILVER25NOV155500CE,MCX:SILVER25DECFUT,1129.5000,153537,155500,2025-11-26 23:20:00,41.5693,c,1
2025-11-24 20:15:00,MCX:SILVER25NOV155500CE,MCX:SILVER25DECFUT,1129.5000,153586,155500,2025-11-26 23:20:00,41.1801,c,1
2025-11-24 20:16:00,MCX:SILVER25NOV155500CE,MCX:SILVER25DECFUT,1040.0000,153604,155500,2025-11-26 23:20:00,38.9786,c,1
2025-11-24 20:17:00,MCX:SILVER25NOV155500CE,MCX:SILVER25DECFUT,1040.0000,153598,155500,2025-11-26 23:20:00,39.0329,c,1
2025-11-24 20:18:00,MCX:SILVER25NOV155500CE,MCX:SILVER25DECFUT,1040.0000,153706,155500,2025-11-26 23:20:00,38.1724,c,1
2025-11-24 20:19:00,MCX:SILVER25NOV155500CE,MCX:SILVER25DECFUT,1040.0000,153680,155500,2025-11-26 23:20:00,38.3880,c,1
2025-11-24 20:20:00,MCX:SILVER25NOV155500CE,MCX:SILVER25DECFUT,1040.0000,153680,155500,2025-11-26 23:20:00,38.3943,c,1
2025-11-24 20:21:00,MCX:SILVER25NOV155500CE,MCX:SILVER25DECFUT,1040.0000,153684,155500,2025-11-26 23:20:00,38.3684,c,1
2025-11-24 20:22:00,MCX:SILVER25NOV155500CE,MCX:SILVER25DECFUT,1040.0000,153846,155500,2025-11-26 23:20:00,37.0608,c,1
2025-11-24 20:23:00,MCX:SILVER25NOV155500CE,MCX:SILVER25DECFUT,1040.0000,153863,155500,2025-11-26 23:20:00,36.9279,c,1
2025-11-24 20:24:00,MCX:SILVER25NOV155500CE,MCX:SILVER25DECFUT,1040.0000,153775,155500,2025-11-26 23:20:00,37.6512,c,1
2025-11-24 20:25:00,MCX:SILVER25NOV155500CE,MCX:SILVER25DECFUT,1040.0000,153865,155500,2025-11-26 23:20:00,36.9236,c,1
2025-11-24 20:26:00,MCX:SILVER25NOV155500CE,MCX:SILVER25DECFUT,1040.0000,153973,155500,2025-11-26 23:20:00,36.0408,c,1
2025-11-24 20:27:00,MCX:SILVER25NOV155500CE,MCX:SILVER25DECFUT,1040.0000,153969,155500,2025-11-26 23:20:00,36.0798,c,1
2025-11-24 20:28:00,MCX:SILVER25NOV155500CE,MCX:SILVER25DECFUT,1040.0000,153971,155500,2025-11-26 23:20:00,36.0692,c,1
2025-11-24 20:29:00,MCX:SILVER25NOV155500CE,MCX:SILVER25DECFUT,1040.0000,153920,155500,2025-11-26 23:20:00,36.4960,c,1
2025-11-24 20:30:00,MCX:SILVER25NOV155500CE,MCX:SILVER25DECFUT,1040.0000,154103,155500,2025-11-26 23:20:00,34.9815,c,1
2025-11-24 20:31:00,MCX:SILVER25NOV155500CE,MCX:SILVER25DECFUT,1040.0000,154027,155500,2025-11-26 23:20:00,35.6221,c,1
2025-11-24 20:32:00,MCX:SILVER25NOV155500CE,MCX:SILVER25DECFUT,1040.0000,154070,155500,2025-11-26 23:20:00,35.2693,c,1
2025-11-24 20:33:00,MCX:SILVER25NOV155500CE,MCX:SILVER25DECFUT,1040.0000,154088,155500,2025-11-26 23:20:00,35.1244,c,1
2025-11-24 20:34:00,MCX:SILVER25NOV155500CE,MCX:SILVER25DECFUT,1040.0000,154035,155500,2025-11-26 23:20:00,35.5730,c,1
2025-11-24 20:35:00,MCX:SILVER25NOV155500CE,MCX:SILVER25DECFUT,1040.0000,154190,155500,2025-11-26 23:20:00,34.2767,c,1
2025-11-24 20:36:00,MCX:SILVER25NOV155500CE,MCX:SILVER25DECFUT,1040.0000,154091,155500,2025-11-26 23:20:00,35.1166,c,1
2025-11-24 20:37:00,MCX:SILVER25NOV155500CE,MCX:SILVER25DECFUT,1040.0000,154053,155500,2025-11-26 23:20:00,35.4403,c,1
2025-11-24 20:38:00,MCX:SILVER25NOV155500CE,MCX:SILVER25DECFUT,1040.0000,154046,155500,2025-11-26 23:20:00,35.5046,c,1
2025-11-24 20:39:00,MCX:SILVER25NOV155500CE,MCX:SILVER25DECFUT,1040.0000,154054,155500,2025-11-26 23:20:00,35.4436,c,1
2025-11-24 20:40:00,MCX:SILVER25NOV155500CE,MCX:SILVER25DECFUT,1040.0000,154032,155500,2025-11-26 23:20:00,35.6331,c,1
2025-11-24 20:41:00,MCX:SILVER25NOV155500CE,MCX:SILVER25DECFUT,1040.0000,154110,155500,2025-11-26 23:20:00,34.9859,c,1
2025-11-24 20:42:00,MCX:SILVER25NOV155500CE,MCX:SILVER25DECFUT,1040.0000,154187,155500,2025-11-26 23:20:00,34.3416,c,1
2025-11-24 20:43:00,MCX:SILVER25NOV155500CE,MCX:SILVER25DECFUT,1040.0000,154183,155500,2025-11-26 23:20:00,34.3811,c,1
2025-11-24 20:44:00,MCX:SILVER25NOV155500CE,MCX:SILVER25DECFUT,1040.0000,154166,155500,2025-11-26 23:20:00,34.5307,c,1
2025-11-24 20:45:00,MCX:SILVER25NOV155500CE,MCX:SILVER25DECFUT,1040.0000,154115,155500,2025-11-26 23:20:00,34.9668,c,1
2025-11-24 20:46:00,MCX:SILVER25NOV155500CE,MCX:SILVER25DECFUT,1040.0000,154188,155500,2025-11-26 23:20:00,34.3557,c,1
2025-11-24 20:47:00,MCX:SILVER25NOV155500CE,MCX:SILVER25DECFUT,1040.0000,154180,155500,2025-11-26 23:20:00,34.4292,c,1
2025-11-24 20:48:00,MCX:SILVER25NOV155500CE,MCX:SILVER25DECFUT,1040.0000,154029,155500,2025-11-26 23:20:00,35.7051,c,1
2025-11-24 20:49:00,MCX:SILVER25NOV155500CE,MCX:SILVER25DECFUT,1040.0000,153991,155500,2025-11-26 23:20:00,36.0276,c,1
2025-11-24 20:50:00,MCX:SILVER25NOV155500CE,MCX:SILVER25DECFUT,1040.0000,154024,155500,2025-11-26 23:20:00,35.7586,c,1
2025-11-24 20:51:00,MCX:SILVER25NOV155500CE,MCX:SILVER25DECFUT,1040.0000,153982,155500,2025-11-26 23:20:00,36.1144,c,1
2025-11-24 20:52:00,MCX:SILVER25NOV155500CE,MCX:SILVER25DECFUT,1040.0000,153937,155500,2025-11-26 23:20:00,36.4937,c,1
2025-11-24 20:53:00,MCX:SILVER25NOV155500CE,MCX:SILVER25DECFUT,1040.0000,153969,155500,2025-11-26 23:20:00,36.2343,c,1
2025-11-24 20:54:00,MCX:SILVER25NOV155500CE,MCX:SILVER25DECFUT,1040.0000,153904,155500,2025-11-26 23:20:00,36.7786,c,1
2025-11-24 20:55:00,MCX:SILVER25NOV155500CE,MCX:SILVER25DECFUT,1040.0000,153938,155500,2025-11-26 23:20:00,36.5035,c,1
2025-11-24 20:56:00,MCX:SILVER25NOV155500CE,MCX:SILVER25DECFUT,1040.0000,153977,155500,2025-11-26 23:20:00,36.1858,c,1
2025-11-24 20:57:00,MCX:SILVER25NOV155500CE,MCX:SILVER25DECFUT,1040.0000,154087,155500,2025-11-26 23:20:00,35.2719,c,1
2025-11-24 20:58:00,MCX:SILVER25NOV155500CE,MCX:SILVER25DECFUT,1040.0000,154090,155500,2025-11-26 23:20:00,35.2525,c,1
2025-11-24 20:59:00,MCX:SILVER25NOV155500CE,MCX:SILVER25DECFUT,1040.0000,154007,155500,2025-11-26 23:20:00,35.9538,c,1
2025-11-24 21:00:00,MCX:SILVER25NOV155500CE,MCX:SILVER25DECFUT,1040.0000,153961,155500,2025-11-26 23:20:00,36.3428,c,1
2025-11-24 21:01:00,MCX:SILVER25NOV155500CE,MCX:SILVER25DECFUT,1040.0000,154147,155500,2025-11-26 23:20:00,34.7888,c,1
2025-11-24 21:02:00,MCX:SILVER25NOV155500CE,MCX:SILVER25DECFUT,1040.0000,154153,155500,2025-11-26 23:20:00,34.7437,c,1
2025-11-24 21:03:00,MCX:SILVER25NOV155500CE,MCX:SILVER25DECFUT,1040.0000,154101,155500,2025-11-26 23:20:00,35.1890,c,1
2025-11-24 21:04:00,MCX:SILVER25NOV155500CE,MCX:SILVER25DECFUT,1040.0000,154134,155500,2025-11-26 23:20:00,34.9161,c,1
2025-11-24 21:05:00,MCX:SILVER25NOV155500CE,MCX:SILVER25DECFUT,1040.0000,154081,155500,2025-11-26 23:20:00,35.3691,c,1
2025-11-24 21:06:00,MCX:SILVER25NOV155500CE,MCX:SILVER25DECFUT,1040.0000,154019,155500,2025-11-26 23:20:00,35.8952,c,1
2025-11-24 21:07:00,MCX:SILVER25NOV155500CE,MCX:SILVER25DECFUT,1040.0000,154042,155500,2025-11-26 23:20:00,35.7085,c,1
2025-11-24 21:08:00,MCX:SILVER25NOV155500CE,MCX:SILVER25DECFUT,1040.0000,154023,155500,2025-11-26 23:20:00,35.8736,c,1
2025-11-24 21:09:00,MCX:SILVER25NOV155500CE,MCX:SILVER25DECFUT,1040.0000,154066,155500,2025-11-26 23:20:00,35.5188,c,1
2025-11-24 21:10:00,MCX:SILVER25NOV155500CE,MCX:SILVER25DECFUT,1040.0000,154026,155500,2025-11-26 23:20:00,35.8604,c,1
2025-11-24 21:11:00,MCX:SILVER25NOV155500CE,MCX:SILVER25DECFUT,1040.0000,154064,155500,2025-11-26 23:20:00,35.5474,c,1
2025-11-24 21:12:00,MCX:SILVER25NOV155500CE,MCX:SILVER25DECFUT,1040.0000,154064,155500,2025-11-26 23:20:00,35.5533,c,1
2025-11-24 21:13:00,MCX:SILVER25NOV155500CE,MCX:SILVER25DECFUT,1040.0000,154072,155500,2025-11-26 23:20:00,35.4919,c,1
2025-11-24 21:14:00,MCX:SILVER25NOV155500CE,MCX:SILVER25DECFUT,1040.0000,154085,155500,2025-11-26 23:20:00,35.3883,c,1
2025-11-24 21:15:00,MCX:SILVER25NOV155500CE,MCX:SILVER25DECFUT,1040.0000,154164,155500,2025-11-26 23:20:00,34.7253,c,1
2025-11-24 21:16:00,MCX:SILVER25NOV155500CE,MCX:SILVER25DECFUT,1040.0000,154200,155500,2025-11-26 23:20:00,34.4243,c,1
2025-11-24 21:17:00,MCX:SILVER25NOV155500CE,MCX:SILVER25DECFUT,1040.0000,154188,155500,2025-11-26 23:20:00,34.5324,c,1
2025-11-24 21:18:00,MCX:SILVER25NOV155500CE,MCX:SILVER25DECFUT,1040.0000,154207,155500,2025-11-26 23:20:00,34.3760,c,1
2025-11-24 21:19:00,MCX:SILVER25NOV155500CE,MCX:SILVER25DECFUT,1040.0000,154185,155500,2025-11-26 23:20:00,34.5695,c,1
2025-11-24 21:20:00,MCX:SILVER25NOV155500CE,MCX:SILVER25DECFUT,1040.0000,154194,155500,2025-11-26 23:20:00,34.4985,c,1
2025-11-24 21:21:00,MCX:SILVER25NOV155500CE,MCX:SILVER25DECFUT,1040.0000,154133,155500,2025-11-26 23:20:00,35.0234,c,1
2025-11-24 21:22:00,MCX:SILVER25NOV155500CE,MCX:SILVER25DECFUT,1040.0000,154125,155500,2025-11-26 23:20:00,35.0970,c,1
2025-11-24 21:23:00,MCX:SILVER25NOV155500CE,MCX:SILVER25DECFUT,1040.0000,154177,155500,2025-11-26 23:20:00,34.6608,c,1
2025-11-24 21:24:00,MCX:SILVER25NOV155500CE,MCX:SILVER25DECFUT,1040.0000,154070,155500,2025-11-26 23:20:00,35.5738,c,1
2025-11-24 21:25:00,MCX:SILVER25NOV155500CE,MCX:SILVER25DECFUT,1040.0000,153991,155500,2025-11-26 23:20:00,36.2434,c,1
2025-11-24 21:26:00,MCX:SILVER25NOV155500CE,MCX:SILVER25DECFUT,1040.0000,154056,155500,2025-11-26 23:20:00,35.7037,c,1
2025-11-24 21:27:00,MCX:SILVER25NOV155500CE,MCX:SILVER25DECFUT,1040.0000,154094,155500,2025-11-26 23:20:00,35.3889,c,1
2025-11-24 21:28:00,MCX:SILVER25NOV155500CE,MCX:SILVER25DECFUT,1040.0000,154029,155500,2025-11-26 23:20:00,35.9428,c,1
2025-11-24 21:29:00,MCX:SILVER25NOV155500CE,MCX:SILVER25DECFUT,1040.0000,154070,155500,2025-11-26 23:20:00,35.6035,c,1
2025-11-24 21:30:00,MCX:SILVER25NOV155500CE,MCX:SILVER25DECFUT,1040.0000,154088,155500,2025-11-26 23:20:00,35.4574,c,1
2025-11-24 21:31:00,MCX:SILVER25NOV155500CE,MCX:SILVER25DECFUT,1040.0000,153954,155500,2025-11-26 23:20:00,36.5890,c,1
2025-11-24 21:32:00,MCX:SILVER25NOV155500CE,MCX:SILVER25DECFUT,1040.0000,154110,155500,2025-11-26 23:20:00,35.2829,c,1
2025-11-24 21:33:00,MCX:SILVER25NOV155500CE,MCX:SILVER25DECFUT,1040.0000,154045,155500,2025-11-26 23:20:00,35.8382,c,1
2025-11-24 21:34:00,MCX:SILVER25NOV155500CE,MCX:SILVER25DECFUT,1040.0000,154042,155500,2025-11-26 23:20:00,35.8694,c,1
2025-11-24 21:35:00,MCX:SILVER25NOV155500CE,MCX:SILVER25DECFUT,1040.0000,154045,155500,2025-11-26 23:20:00,35.8502,c,1
2025-11-24 21:36:00,MCX:SILVER25NOV155500CE,MCX:SILVER25DECFUT,1040.0000,154000,155500,2025-11-26 23:20:00,36.2346,c,1
2025-11-24 21:37:00,MCX:SILVER25NOV155500CE,MCX:SILVER25DECFUT,1040.0000,153979,155500,2025-11-26 23:20:00,36.4167,c,1
2025-11-24 21:38:00,MCX:SILVER25NOV155500CE,MCX:SILVER25DECFUT,1040.0000,154026,155500,2025-11-26 23:20:00,36.0282,c,1
2025-11-24 21:39:00,MCX:SILVER25NOV155500CE,MCX:SILVER25DECFUT,1040.0000,154100,155500,2025-11-26 23:20:00,35.4091,c,1
2025-11-24 21:40:00,MCX:SILVER25NOV155500CE,MCX:SILVER25DECFUT,1040.0000,154025,155500,2025-11-26 23:20:00,36.0487,c,1
2025-11-24 21:41:00,MCX:SILVER25NOV155500CE,MCX:SILVER25DECFUT,1040.0000,154067,155500,2025-11-26 23:20:00,35.7005,c,1
2025-11-24 21:42:00,MCX:SILVER25NOV155500CE,MCX:SILVER25DECFUT,1040.0000,154129,155500,2025-11-26 23:20:00,35.1806,c,1
2025-11-24 21:43:00,MCX:SILVER25NOV155500CE,MCX:SILVER25DECFUT,1040.0000,154127,155500,2025-11-26 23:20:00,35.2035,c,1
2025-11-24 21:44:00,MCX:SILVER25NOV155500CE,MCX:SILVER25DECFUT,1040.0000,154149,155500,2025-11-26 23:20:00,35.0220,c,1
2025-11-24 21:45:00,MCX:SILVER25NOV155500CE,MCX:SILVER25DECFUT,1040.0000,154103,155500,2025-11-26 23:20:00,35.4193,c,1
2025-11-24 21:46:00,MCX:SILVER25NOV155500CE,MCX:SILVER25DECFUT,1040.0000,154100,155500,2025-11-26 23:20:00,35.4508,c,1
2025-11-24 21:47:00,MCX:SILVER25NOV155500CE,MCX:SILVER25DECFUT,1040.0000,154100,155500,2025-11-26 23:20:00,35.4567,c,1
2025-11-24 21:48:00,MCX:SILVER25NOV155500CE,MCX:SILVER25DECFUT,1040.0000,154041,155500,2025-11-26 23:20:00,35.9622,c,1
2025-11-24 21:49:00,MCX:SILVER25NOV155500CE,MCX:SILVER25DECFUT,1040.0000,154058,155500,2025-11-26 23:20:00,35.8246,c,1
2025-11-24 21:50:00,MCX:SILVER25NOV155500CE,MCX:SILVER25DECFUT,1040.0000,154131,155500,2025-11-26 23:20:00,35.2108,c,1
2025-11-24 21:51:00,MCX:SILVER25NOV155500CE,MCX:SILVER25DECFUT,1040.0000,154094,155500,2025-11-26 23:20:00,35.5315,c,1
2025-11-24 21:52:00,MCX:SILVER25NOV155500CE,MCX:SILVER25DECFUT,1040.0000,154085,155500,2025-11-26 23:20:00,35.6139,c,1
2025-11-24 21:53:00,MCX:SILVER25NOV155500CE,MCX:SILVER25DECFUT,1040.0000,154030,155500,2025-11-26 23:20:00,36.0854,c,1
2025-11-24 21:54:00,MCX:SILVER25NOV155500CE,MCX:SILVER25DECFUT,1040.0000,154098,155500,2025-11-26 23:20:00,35.5155,c,1
2025-11-24 21:55:00,MCX:SILVER25NOV155500CE,MCX:SILVER25DECFUT,1040.0000,154099,155500,2025-11-26 23:20:00,35.5130,c,1
2025-11-24 21:56:00,MCX:SILVER25NOV155500CE,MCX:SILVER25DECFUT,1176.0000,154120,155500,2025-11-26 23:20:00,38.4308,c,1
2025-11-24 21:57:00,MCX:SILVER25NOV155500CE,MCX:SILVER25DECFUT,1176.0000,154172,155500,2025-11-26 23:20:00,37.9841,c,1
2025-11-24 21:58:00,MCX:SILVER25NOV155500CE,MCX:SILVER25DECFUT,1176.0000,154150,155500,2025-11-26 23:20:00,38.1826,c,1
2025-11-24 21:59:00,MCX:SILVER25NOV155500CE,MCX:SILVER25DECFUT,1176.0000,154100,155500,2025-11-26 23:20:00,38.6239,c,1
2025-11-24 22:00:00,MCX:SILVER25NOV155500CE,MCX:SILVER25DECFUT,1176.0000,154172,155500,2025-11-26 23:20:00,38.0034,c,1
2025-11-24 22:01:00,MCX:SILVER25NOV155500CE,MCX:SILVER25DECFUT,1058.5000,154075,155500,2025-11-26 23:20:00,36.1764,c,1
2025-11-24 22:02:00,MCX:SILVER25NOV155500CE,MCX:SILVER25DECFUT,1058.5000,154163,155500,2025-11-26 23:20:00,35.4298,c,1
2025-11-24 22:03:00,MCX:SILVER25NOV155500CE,MCX:SILVER25DECFUT,1196.0000,154199,155500,2025-11-26 23:20:00,38.2372,c,1
2025-11-24 22:04:00,MCX:SILVER25NOV155500CE,MCX:SILVER25DECFUT,1196.0000,154176,155500,2025-11-26 23:20:00,38.4457,c,1
2025-11-24 22:05:00,MCX:SILVER25NOV155500CE,MCX:SILVER25DECFUT,1196.0000,154178,155500,2025-11-26 23:20:00,38.4347,c,1
2025-11-24 22:06:00,MCX:SILVER25NOV155500CE,MCX:SILVER25DECFUT,1196.0000,154223,155500,2025-11-26 23:20:00,38.0452,c,1
2025-11-24 22:07:00,MCX:SILVER25NOV155500CE,MCX:SILVER25DECFUT,1196.0000,154242,155500,2025-11-26 23:20:00,37.8839,c,1
2025-11-24 22:08:00,MCX:SILVER25NOV155500CE,MCX:SILVER25DECFUT,1196.0000,154212,155500,2025-11-26 23:20:00,38.1551,c,1
2025-11-24 22:09:00,MCX:SILVER25NOV155500CE,MCX:SILVER25DECFUT,1196.0000,154166,155500,2025-11-26 23:20:00,38.5660,c,1
2025-11-24 22:10:00,MCX:SILVER25NOV155500CE,MCX:SILVER25DECFUT,1196.0000,154196,155500,2025-11-26 23:20:00,38.3090,c,1
2025-11-24 22:11:00,MCX:SILVER25NOV155500CE,MCX:SILVER25DECFUT,1196.0000,154216,155500,2025-11-26 23:20:00,38.1392,c,1
2025-11-24 22:12:00,MCX:SILVER25NOV155500CE,MCX:SILVER25DECFUT,1196.0000,154250,155500,2025-11-26 23:20:00,37.8452,c,1
2025-11-24 22:13:00,MCX:SILVER25NOV155500CE,MCX:SILVER25DECFUT,1196.0000,154216,155500,2025-11-26 23:20:00,38.1521,c,1
2025-11-24 22:14:00,MCX:SILVER25NOV155500CE,MCX:SILVER25DECFUT,1196.0000,154283,155500,2025-11-26 23:20:00,37.5653,c,1
2025-11-24 22:15:00,MCX:SILVER25NOV155500CE,MCX:SILVER25DECFUT,1196.0000,154287,155500,2025-11-26 23:20:00,37.5361,c,1
2025-11-24 22:16:00,MCX:SILVER25NOV155500CE,MCX:SILVER25DECFUT,1196.0000,154299,155500,2025-11-26 23:20:00,37.4356,c,1
2025-11-24 22:17:00,MCX:SILVER25NOV155500CE,MCX:SILVER25DECFUT,1196.0000,154284,155500,2025-11-26 23:20:00,37.5755,c,1
2025-11-24 22:18:00,MCX:SILVER25NOV155500CE,MCX:SILVER25DECFUT,1196.0000,154300,155500,2025-11-26 23:20:00,37.4394,c,1
2025-11-24 22:19:00,MCX:SILVER25NOV155500CE,MCX:SILVER25DECFUT,1196.0000,154274,155500,2025-11-26 23:20:00,37.6772,c,1
2025-11-24 22:20:00,MCX:SILVER25NOV155500CE,MCX:SILVER25DECFUT,1196.0000,154305,155500,2025-11-26 23:20:00,37.4076,c,1
2025-11-24 22:21:00,MCX:SILVER25NOV155500CE,MCX:SILVER25DECFUT,1196.0000,154284,155500,2025-11-26 23:20:00,37.6010,c,1
2025-11-24 22:22:00,MCX:SILVER25NOV155500CE,MCX:SILVER25DECFUT,1196.0000,154295,155500,2025-11-26 23:20:00,37.5095,c,1
2025-11-24 22:23:00,MCX:SILVER25NOV155500CE,MCX:SILVER25DECFUT,1196.0000,154270,155500,2025-11-26 23:20:00,37.7384,c,1
2025-11-24 22:24:00,MCX:SILVER25NOV155500CE,MCX:SILVER25DECFUT,1196.0000,154192,155500,2025-11-26 23:20:00,38.4354,c,1
2025-11-24 22:25:00,MCX:SILVER25NOV155500CE,MCX:SILVER25DECFUT,1196.0000,154225,155500,2025-11-26 23:20:00,38.1504,c,1
2025-11-24 22:26:00,MCX:SILVER25NOV155500CE,MCX:SILVER25DECFUT,1196.0000,154225,155500,2025-11-26 23:20:00,38.1569,c,1
2025-11-24 22:27:00,MCX:SILVER25NOV155500CE,MCX:SILVER25DECFUT,1196.0000,154253,155500,2025-11-26 23:20:00,37.9151,c,1
2025-11-24 22:28:00,MCX:SILVER25NOV155500CE,MCX:SILVER25DECFUT,1196.0000,154345,155500,2025-11-26 23:20:00,37.1005,c,1
2025-11-24 22:29:00,MCX:SILVER25NOV155500CE,MCX:SILVER25DECFUT,1196.0000,154349,155500,2025-11-26 23:20:00,37.0710,c,1
2025-11-24 22:30:00,MCX:SILVER25NOV155500CE,MCX:SILVER25DECFUT,1196.0000,154332,155500,2025-11-26 23:20:00,37.2298,c,1
2025-11-24 22:31:00,MCX:SILVER25NOV155500CE,MCX:SILVER25DECFUT,1196.0000,154330,155500,2025-11-26 23:20:00,37.2540,c,1
2025-11-24 22:32:00,MCX:SILVER25NOV155500CE,MCX:SILVER25DECFUT,1076.5000,154255,155500,2025-11-26 23:20:00,35.2217,c,1
2025-11-24 22:33:00,MCX:SILVER25NOV155500CE,MCX:SILVER25DECFUT,1076.5000,154232,155500,2025-11-26 23:20:00,35.4286,c,1
2025-11-24 22:34:00,MCX:SILVER25NOV155500CE,MCX:SILVER25DECFUT,1076.5000,154205,155500,2025-11-26 23:20:00,35.6700,c,1
2025-11-24 22:35:00,MCX:SILVER25NOV155500CE,MCX:SILVER25DECFUT,1076.5000,154190,155500,2025-11-26 23:20:00,35.8065,c,1
2025-11-24 22:36:00,MCX:SILVER25NOV155500CE,MCX:SILVER25DECFUT,1076.5000,154134,155500,2025-11-26 23:20:00,36.2979,c,1
2025-11-24 22:37:00,MCX:SILVER25NOV155500CE,MCX:SILVER25DECFUT,1076.5000,154197,155500,2025-11-26 23:20:00,35.7579,c,1
2025-11-24 22:38:00,MCX:SILVER25NOV155500CE,MCX:SILVER25DECFUT,1076.5000,154111,155500,2025-11-26 23:20:00,36.5088,c,1
2025-11-24 22:39:00,MCX:SILVER25NOV155500CE,MCX:SILVER25DECFUT,1076.5000,154100,155500,2025-11-26 23:20:00,36.6099,c,1
2025-11-24 22:40:00,MCX:SILVER25NOV155500CE,MCX:SILVER25DECFUT,1076.5000,154032,155500,2025-11-26 23:20:00,37.2000,c,1
2025-11-24 22:41:00,MCX:SILVER25NOV155500CE,MCX:SILVER25DECFUT,1076.5000,154057,155500,2025-11-26 23:20:00,36.9921,c,1
2025-11-24 22:42:00,MCX:SILVER25NOV155500CE,MCX:SILVER25DECFUT,1076.5000,154030,155500,2025-11-26 23:20:00,37.2299,c,1
2025-11-24 22:43:00,MCX:SILVER25NOV155500CE,MCX:SILVER25DECFUT,1076.5000,154050,155500,2025-11-26 23:20:00,37.0649,c,1
2025-11-24 22:44:00,MCX:SILVER25NOV155500CE,MCX:SILVER25DECFUT,1076.5000,154075,155500,2025-11-26 23:20:00,36.8565,c,1
2025-11-24 22:45:00,MCX:SILVER25NOV155500CE,MCX:SILVER25DECFUT,1076.5000,154117,155500,2025-11-26 23:20:00,36.5008,c,1
2025-11-24 22:46:00,MCX:SILVER25NOV155500CE,MCX:SILVER25DECFUT,1076.5000,154110,155500,2025-11-26 23:20:00,36.5675,c,1
2025-11-24 22:47:00,MCX:SILVER25NOV155500CE,MCX:SILVER25DECFUT,1076.5000,154130,155500,2025-11-26 23:20:00,36.4009,c,1
2025-11-24 22:48:00,MCX:SILVER25NOV155500CE,MCX:SILVER25DECFUT,1076.5000,154082,155500,2025-11-26 23:20:00,36.8215,c,1
2025-11-24 22:49:00,MCX:SILVER25NOV155500CE,MCX:SILVER25DECFUT,1076.5000,154060,155500,2025-11-26 23:20:00,37.0171,c,1
2025-11-24 22:50:00,MCX:SILVER25NOV155500CE,MCX:SILVER25DECFUT,1076.5000,154048,155500,2025-11-26 23:20:00,37.1266,c,1
2025-11-24 22:51:00,MCX:SILVER25NOV155500CE,MCX:SILVER25DECFUT,1076.5000,154100,155500,2025-11-26 23:20:00,36.6853,c,1
2025-11-24 22:52:00,MCX:SILVER25NOV155500CE,MCX:SILVER25DECFUT,1076.5000,154142,155500,2025-11-26 23:20:00,36.3282,c,1
2025-11-24 22:53:00,MCX:SILVER25NOV155500CE,MCX:SILVER25DECFUT,1076.5000,154142,155500,2025-11-26 23:20:00,36.3344,c,1
2025-11-24 22:54:00,MCX:SILVER25NOV155500CE,MCX:SILVER25DECFUT,1076.5000,154112,155500,2025-11-26 23:20:00,36.6005,c,1
2025-11-24 22:55:00,MCX:SILVER25NOV155500CE,MCX:SILVER25DECFUT,1076.5000,154150,155500,2025-11-26 23:20:00,36.2775,c,1
2025-11-24 22:56:00,MCX:SILVER25NOV155500CE,MCX:SILVER25DECFUT,1076.5000,154170,155500,2025-11-26 23:20:00,36.1099,c,1
2025-11-24 22:57:00,MCX:SILVER25NOV155500CE,MCX:SILVER25DECFUT,1076.5000,154185,155500,2025-11-26 23:20:00,35.9854,c,1
2025-11-24 22:58:00,MCX:SILVER25NOV155500CE,MCX:SILVER25DECFUT,1076.5000,154250,155500,2025-11-26 23:20:00,35.4229,c,1
2025-11-24 22:59:00,MCX:SILVER25NOV155500CE,MCX:SILVER25DECFUT,1076.5000,154268,155500,2025-11-26 23:20:00,35.2708,c,1
2025-11-24 23:00:00,MCX:SILVER25NOV155500CE,MCX:SILVER25DECFUT,1076.5000,154210,155500,2025-11-26 23:20:00,35.7857,c,1
2025-11-24 23:01:00,MCX:SILVER25NOV155500CE,MCX:SILVER25DECFUT,1076.5000,154213,155500,2025-11-26 23:20:00,35.7656,c,1
2025-11-24 23:02:00,MCX:SILVER25NOV155500CE,MCX:SILVER25DECFUT,1076.5000,154236,155500,2025-11-26 23:20:00,35.5702,c,1
2025-11-24 23:03:00,MCX:SILVER25NOV155500CE,MCX:SILVER25DECFUT,1076.5000,154253,155500,2025-11-26 23:20:00,35.4271,c,1
2025-11-24 23:04:00,MCX:SILVER25NOV155500CE,MCX:SILVER25DECFUT,1076.5000,154261,155500,2025-11-26 23:20:00,35.3628,c,1
2025-11-24 23:05:00,MCX:SILVER25NOV155500CE,MCX:SILVER25DECFUT,1076.5000,154270,155500,2025-11-26 23:20:00,35.2897,c,1
2025-11-24 23:06:00,MCX:SILVER25NOV155500CE,MCX:SILVER25DECFUT,1076.5000,154270,155500,2025-11-26 23:20:00,35.2957,c,1
2025-11-24 23:07:00,MCX:SILVER25NOV155500CE,MCX:SILVER25DECFUT,1076.5000,154248,155500,2025-11-26 23:20:00,35.4955,c,1
2025-11-24 23:08:00,MCX:SILVER25NOV155500CE,MCX:SILVER25DECFUT,1076.5000,154242,155500,2025-11-26 23:20:00,35.5544,c,1
2025-11-24 23:09:00,MCX:SILVER25NOV155500CE,MCX:SILVER25DECFUT,1076.5000,154300,155500,2025-11-26 23:20:00,35.0491,c,1
2025-11-24 23:10:00,MCX:SILVER25NOV155500CE,MCX:SILVER25DECFUT,1076.5000,154390,155500,2025-11-26 23:20:00,34.2546,c,1
2025-11-24 23:11:00,MCX:SILVER25NOV155500CE,MCX:SILVER25DECFUT,1076.5000,154335,155500,2025-11-26 23:20:00,34.7508,c,1
2025-11-24 23:12:00,MCX:SILVER25NOV155500CE,MCX:SILVER25DECFUT,1076.5000,154364,155500,2025-11-26 23:20:00,34.4987,c,1
2025-11-24 23:13:00,MCX:SILVER25NOV155500CE,MCX:SILVER25DECFUT,1076.5000,154356,155500,2025-11-26 23:20:00,34.5760,c,1
2025-11-24 23:14:00,MCX:SILVER25NOV155500CE,MCX:SILVER25DECFUT,1076.5000,154362,155500,2025-11-26 23:20:00,34.5285,c,1
2025-11-24 23:15:00,MCX:SILVER25NOV155500CE,MCX:SILVER25DECFUT,1076.5000,154420,155500,2025-11-26 23:20:00,34.0153,c,1
2025-11-24 23:16:00,MCX:SILVER25NOV155500CE,MCX:SILVER25DECFUT,1076.5000,154402,155500,2025-11-26 23:20:00,34.1827,c,1
2025-11-24 23:17:00,MCX:SILVER25NOV155500CE,MCX:SILVER25DECFUT,1076.5000,154438,155500,2025-11-26 23:20:00,33.8652,c,1
2025-11-24 23:18:00,MCX:SILVER25NOV155500CE,MCX:SILVER25DECFUT,1076.5000,154426,155500,2025-11-26 23:20:00,33.9791,c,1
2025-11-24 23:19:00,MCX:SILVER25NOV155500CE,MCX:SILVER25DECFUT,1076.5000,154630,155500,2025-11-26 23:20:00,32.1260,c,1
2025-11-24 23:20:00,MCX:SILVER25NOV155500CE,MCX:SILVER25DECFUT,1076.5000,154598,155500,2025-11-26 23:20:00,32.4266,c,1
2025-11-24 23:21:00,MCX:SILVER25NOV155500CE,MCX:SILVER25DECFUT,1300.0000,154638,155500,2025-11-26 23:20:00,37.0651,c,1
2025-11-24 23:22:00,MCX:SILVER25NOV155500CE,MCX:SILVER25DECFUT,1300.0000,154652,155500,2025-11-26 23:20:00,36.9387,c,1
2025-11-24 23:23:00,MCX:SILVER25NOV155500CE,MCX:SILVER25DECFUT,1300.0000,154590,155500,2025-11-26 23:20:00,37.5317,c,1
2025-11-24 23:24:00,MCX:SILVER25NOV155500CE,MCX:SILVER25DECFUT,1300.0000,154625,155500,2025-11-26 23:20:00,37.2076,c,1
2025-11-24 23:25:00,MCX:SILVER25NOV155500CE,MCX:SILVER25DECFUT,1290.0000,154475,155500,2025-11-26 23:20:00,38.3967,c,1
2025-11-24 23:26:00,MCX:SILVER25NOV155500CE,MCX:SILVER25DECFUT,1290.0000,154490,155500,2025-11-26 23:20:00,38.2639,c,1
2025-11-24 23:27:00,MCX:SILVER25NOV155500CE,MCX:SILVER25DECFUT,1290.0000,154500,155500,2025-11-26 23:20:00,38.1774,c,1
2025-11-24 23:28:00,MCX:SILVER25NOV155500CE,MCX:SILVER25DECFUT,1290.0000,154420,155500,2025-11-26 23:20:00,38.9264,c,1
2025-11-24 23:29:00,MCX:SILVER25NOV155500CE,MCX:SILVER25DECFUT,1290.0000,154410,155500,2025-11-26 23:20:00,39.0255,c,1
2025-11-24 23:30:00,MCX:SILVER25NOV155500CE,MCX:SILVER25DECFUT,1290.0000,154415,155500,2025-11-26 23:20:00,38.9861,c,1
2025-11-24 23:31:00,MCX:SILVER25NOV155500CE,MCX:SILVER25DECFUT,1290.0000,154433,155500,2025-11-26 23:20:00,38.8265,c,1
2025-11-24 23:32:00,MCX:SILVER25NOV155500CE,MCX:SILVER25DECFUT,1290.0000,154434,155500,2025-11-26 23:20:00,38.8240,c,1
2025-11-24 23:33:00,MCX:SILVER25NOV155500CE,MCX:SILVER25DECFUT,1290.0000,154499,155500,2025-11-26 23:20:00,38.2266,c,1
2025-11-24 23:34:00,MCX:SILVER25NOV155500CE,MCX:SILVER25DECFUT,1290.0000,154406,155500,2025-11-26 23:20:00,39.0964,c,1
2025-11-24 23:35:00,MCX:SILVER25NOV155500CE,MCX:SILVER25DECFUT,1290.0000,154350,155500,2025-11-26 23:20:00,39.6188,c,1
2025-11-24 23:36:00,MCX:SILVER25NOV155500CE,MCX:SILVER25DECFUT,1290.0000,154389,155500,2025-11-26 23:20:00,39.2669,c,1
2025-11-24 23:37:00,MCX:SILVER25NOV155500CE,MCX:SILVER25DECFUT,1290.0000,154458,155500,2025-11-26 23:20:00,38.6351,c,1
2025-11-24 23:38:00,MCX:SILVER25NOV155500CE,MCX:SILVER25DECFUT,1290.0000,154451,155500,2025-11-26 23:20:00,38.7069,c,1
2025-11-24 23:39:00,MCX:SILVER25NOV155500CE,MCX:SILVER25DECFUT,1290.0000,154451,155500,2025-11-26 23:20:00,38.7137,c,1
2025-11-24 23:40:00,MCX:SILVER25NOV155500CE,MCX:SILVER25DECFUT,1290.0000,154543,155500,2025-11-26 23:20:00,37.8612,c,1
2025-11-24 23:41:00,MCX:SILVER25NOV155500CE,MCX:SILVER25DECFUT,1290.0000,154511,155500,2025-11-26 23:20:00,38.1678,c,1
2025-11-24 23:42:00,MCX:SILVER25NOV155500CE,MCX:SILVER25DECFUT,1290.0000,154570,155500,2025-11-26 23:20:00,37.6205,c,1
2025-11-24 23:43:00,MCX:SILVER25NOV155500CE,MCX:SILVER25DECFUT,1290.0000,154570,155500,2025-11-26 23:20:00,37.6270,c,1
2025-11-24 23:44:00,MCX:SILVER25NOV155500CE,MCX:SILVER25DECFUT,1290.0000,154537,155500,2025-11-26 23:20:00,37.9441,c,1
2025-11-24 23:45:00,MCX:SILVER25NOV155500CE,MCX:SILVER25DECFUT,1290.0000,154508,155500,2025-11-26 23:20:00,38.2226,c,1
2025-11-24 23:46:00,MCX:SILVER25NOV155500CE,MCX:SILVER25DECFUT,1290.0000,154540,155500,2025-11-26 23:20:00,37.9292,c,1
2025-11-24 23:47:00,MCX:SILVER25NOV155500CE,MCX:SILVER25DECFUT,1290.0000,154508,155500,2025-11-26 23:20:00,38.2360,c,1
2025-11-24 23:48:00,MCX:SILVER25NOV155500CE,MCX:SILVER25DECFUT,1290.0000,154538,155500,2025-11-26 23:20:00,37.9613,c,1
2025-11-24 23:49:00,MCX:SILVER25NOV155500CE,MCX:SILVER25DECFUT,1250.0000,154514,155500,2025-11-26 23:20:00,37.2910,c,1
2025-11-24 23:50:00,MCX:SILVER25NOV155500CE,MCX:SILVER25DECFUT,1250.0000,154524,155500,2025-11-26 23:20:00,37.2041,c,1
2025-11-24 23:51:00,MCX:SILVER25NOV155500CE,MCX:SILVER25DECFUT,1250.0000,154480,155500,2025-11-26 23:20:00,37.6209,c,1
2025-11-24 23:52:00,MCX:SILVER25NOV155500CE,MCX:SILVER25DECFUT,1250.0000,154538,155500,2025-11-26 23:20:00,37.0862,c,1
2025-11-24 23:53:00,MCX:SILVER25NOV155500CE,MCX:SILVER25DECFUT,1250.0000,154511,155500,2025-11-26 23:20:00,37.3452,c,1
2025-11-24 23:54:00,MCX:SILVER25NOV155500CE,MCX:SILVER25DECFUT,1250.0000,154490,155500,2025-11-26 23:20:00,37.5476,c,1
2025-11-25 12:47:00,MCX:SILVER25NOV155500CE,MCX:SILVER25DECFUT,2250.0000,156968,155500,2025-11-26 23:20:00,35.6596,c,1
2025-11-25 12:48:00,MCX:SILVER25NOV155500CE,MCX:SILVER25DECFUT,2250.0000,156996,155500,2025-11-26 23:20:00,35.1437,c,1
2025-11-25 12:49:00,MCX:SILVER25NOV155500CE,MCX:SILVER25DECFUT,2250.0000,156950,155500,2025-11-26 23:20:00,36.0103,c,1
2025-11-25 12:50:00,MCX:SILVER25NOV155500CE,MCX:SILVER25DECFUT,2250.0000,156975,155500,2025-11-26 23:20:00,35.5549,c,1
2025-11-25 12:51:00,MCX:SILVER25NOV155500CE,MCX:SILVER25DECFUT,2250.0000,157023,155500,2025-11-26 23:20:00,34.6560,c,1
2025-11-25 12:52:00,MCX:SILVER25NOV155500CE,MCX:SILVER25DECFUT,2250.0000,157010,155500,2025-11-26 23:20:00,34.9124,c,1
2025-11-25 12:53:00,MCX:SILVER25NOV155500CE,MCX:SILVER25DECFUT,2250.0000,156950,155500,2025-11-26 23:20:00,36.0451,c,1
2025-11-25 12:54:00,MCX:SILVER25NOV155500CE,MCX:SILVER25DECFUT,2250.0000,156980,155500,2025-11-26 23:20:00,35.4957,c,1
2025-11-25 12:55:00,MCX:SILVER25NOV155500CE,MCX:SILVER25DECFUT,2250.0000,156983,155500,2025-11-26 23:20:00,35.4480,c,1
2025-11-25 12:56:00,MCX:SILVER25NOV155500CE,MCX:SILVER25DECFUT,2250.0000,157000,155500,2025-11-26 23:20:00,35.1360,c,1
2025-11-25 12:57:00,MCX:SILVER25NOV155500CE,MCX:SILVER25DECFUT,2250.0000,156980,155500,2025-11-26 23:20:00,35.5214,c,1
2025-11-25 12:58:00,MCX:SILVER25NOV155500CE,MCX:SILVER25DECFUT,2250.0000,156900,155500,2025-11-26 23:20:00,37.0029,c,1
2025-11-25 12:59:00,MCX:SILVER25NOV155500CE,MCX:SILVER25DECFUT,2250.0000,156889,155500,2025-11-26 23:20:00,37.2103,c,1
2025-11-25 13:00:00,MCX:SILVER25NOV155500CE,MCX:SILVER25DECFUT,2250.0000,156798,155500,2025-11-26 23:20:00,38.8274,c,1
2025-11-25 13:01:00,MCX:SILVER25NOV155500CE,MCX:SILVER25DECFUT,2250.0000,156861,155500,2025-11-26 23:20:00,37.7296,c,1
2025-11-25 13:02:00,MCX:SILVER25NOV155500CE,MCX:SILVER25DECFUT,2250.0000,156833,155500,2025-11-26 23:20:00,38.2344,c,1
2025-11-25 13:03:00,MCX:SILVER25NOV155500CE,MCX:SILVER25DECFUT,2250.0000,156850,155500,2025-11-26 23:20:00,37.9434,c,1
2025-11-25 13:04:00,MCX:SILVER25NOV155500CE,MCX:SILVER25DECFUT,2250.0000,156711,155500,2025-11-26 23:20:00,40.3528,c,1
2025-11-25 13:05:00,MCX:SILVER25NOV155500CE,MCX:SILVER25DECFUT,2250.0000,156702,155500,2025-11-26 23:20:00,40.5139,c,1
2025-11-25 13:06:00,MCX:SILVER25NOV155500CE,MCX:SILVER25DECFUT,2250.0000,156591,155500,2025-11-26 23:20:00,42.3548,c,1
2025-11-25 13:07:00,MCX:SILVER25NOV155500CE,MCX:SILVER25DECFUT,2250.0000,156556,155500,2025-11-26 23:20:00,42.9297,c,1
2025-11-25 13:08:00,MCX:SILVER25NOV155500CE,MCX:SILVER25DECFUT,2250.0000,156627,155500,2025-11-26 23:20:00,41.7883,c,1
2025-11-25 13:09:00,MCX:SILVER25NOV155500CE,MCX:SILVER25DECFUT,2250.0000,156629,155500,2025-11-26 23:20:00,41.7656,c,1
2025-11-25 13:10:00,MCX:SILVER25NOV155500CE,MCX:SILVER25DECFUT,2250.0000,156691,155500,2025-11-26 23:20:00,40.7478,c,1
2025-11-25 13:11:00,MCX:SILVER25NOV155500CE,MCX:SILVER25DECFUT,2250.0000,156780,155500,2025-11-26 23:20:00,39.2436,c,1
2025-11-25 13:12:00,MCX:SILVER25NOV155500CE,MCX:SILVER25DECFUT,2250.0000,156791,155500,2025-11-26 23:20:00,39.0626,c,1
2025-11-25 13:13:00,MCX:SILVER25NOV155500CE,MCX:SILVER25DECFUT,2250.0000,156807,155500,2025-11-26 23:20:00,38.7934,c,1
2025-11-25 13:14:00,MCX:SILVER25NOV155500CE,MCX:SILVER25DECFUT,2250.0000,156842,155500,2025-11-26 23:20:00,38.1871,c,1
2025-11-25 13:15:00,MCX:SILVER25NOV155500CE,MCX:SILVER25DECFUT,2250.0000,156809,155500,2025-11-26 23:20:00,38.7774,c,1
2025-11-25 13:16:00,MCX:SILVER25NOV155500CE,MCX:SILVER25DECFUT,2250.0000,156767,155500,2025-11-26 23:20:00,39.5159,c,1
2025-11-25 13:17:00,MCX:SILVER25NOV155500CE,MCX:SILVER25DECFUT,2250.0000,156656,155500,2025-11-26 23:20:00,41.4013,c,1
2025-11-25 13:18:00,MCX:SILVER25NOV155500CE,MCX:SILVER25DECFUT,2250.0000,156712,155500,2025-11-26 23:20:00,40.4738,c,1
2025-11-25 13:19:00,MCX:SILVER25NOV155500CE,MCX:SILVER25DECFUT,2250.0000,156670,155500,2025-11-26 23:20:00,41.1887,c,1
2025-11-25 13:20:00,MCX:SILVER25NOV155500CE,MCX:SILVER25DECFUT,2250.0000,156652,155500,2025-11-26 23:20:00,41.4981,c,1
2025-11-25 13:21:00,MCX:SILVER25NOV155500CE,MCX:SILVER25DECFUT,2250.0000,156539,155500,2025-11-26 23:20:00,43.3497,c,1
2025-11-25 13:22:00,MCX:SILVER25NOV155500CE,MCX:SILVER25DECFUT,2250.0000,156582,155500,2025-11-26 23:20:00,42.6668,c,1
2025-11-25 13:23:00,MCX:SILVER25NOV155500CE,MCX:SILVER25DECFUT,2250.0000,156524,155500,2025-11-26 23:20:00,43.6110,c,1
2025-11-25 13:24:00,MCX:SILVER25NOV155500CE,MCX:SILVER25DECFUT,2250.0000,156600,155500,2025-11-26 23:20:00,42.3946,c,1
2025-11-25 13:25:00,MCX:SILVER25NOV155500CE,MCX:SILVER25DECFUT,2250.0000,156623,155500,2025-11-26 23:20:00,42.0281,c,1
2025-11-25 13:26:00,MCX:SILVER25NOV155500CE,MCX:SILVER25DECFUT,2250.0000,156714,155500,2025-11-26 23:20:00,40.5193,c,1
2025-11-25 13:27:00,MCX:SILVER25NOV155500CE,MCX:SILVER25DECFUT,2250.0000,156630,155500,2025-11-26 23:20:00,41.9334,c,1
2025-11-25 13:28:00,MCX:SILVER25NOV155500CE,MCX:SILVER25DECFUT,2250.0000,156531,155500,2025-11-26 23:20:00,43.5525,c,1
2025-11-25 13:29:00,MCX:SILVER25NOV155500CE,MCX:SILVER25DECFUT,2250.0000,156600,155500,2025-11-26 23:20:00,42.4467,c,1
2025-11-25 13:30:00,MCX:SILVER25NOV155500CE,MCX:SILVER25DECFUT,2250.0000,156705,155500,2025-11-26 23:20:00,40.7116,c,1
2025-11-25 13:31:00,MCX:SILVER25NOV155500CE,MCX:SILVER25DECFUT,2250.0000,156670,155500,2025-11-26 23:20:00,41.3102,c,1
2025-11-25 13:32:00,MCX:SILVER25NOV155500CE,MCX:SILVER25DECFUT,2250.0000,156618,155500,2025-11-26 23:20:00,42.1828,c,1
2025-11-25 13:33:00,MCX:SILVER25NOV155500CE,MCX:SILVER25DECFUT,2250.0000,156649,155500,2025-11-26 23:20:00,41.6806,c,1
2025-11-25 13:34:00,MCX:SILVER25NOV155500CE,MCX:SILVER25DECFUT,2250.0000,156670,155500,2025-11-26 23:20:00,41.3407,c,1
2025-11-25 13:35:00,MCX:SILVER25NOV155500CE,MCX:SILVER25DECFUT,2250.0000,156688,155500,2025-11-26 23:20:00,41.0488,c,1
2025-11-25 13:36:00,MCX:SILVER25NOV155500CE,MCX:SILVER25DECFUT,2250.0000,156672,155500,2025-11-26 23:20:00,41.3277,c,1
2025-11-25 13:37:00,MCX:SILVER25NOV155500CE,MCX:SILVER25DECFUT,2250.0000,156675,155500,2025-11-26 23:20:00,41.2876,c,1
2025-11-25 13:38:00,MCX:SILVER25NOV155500CE,MCX:SILVER25DECFUT,2250.0000,156675,155500,2025-11-26 23:20:00,41.2978,c,1
2025-11-25 13:39:00,MCX:SILVER25NOV155500CE,MCX:SILVER25DECFUT,2250.0000,156632,155500,2025-11-26 23:20:00,42.0245,c,1
2025-11-25 13:40:00,MCX:SILVER25NOV155500CE,MCX:SILVER25DECFUT,2250.0000,156633,155500,2025-11-26 23:20:00,42.0183,c,1
2025-11-25 13:41:00,MCX:SILVER25NOV155500CE,MCX:SILVER25DECFUT,2250.0000,156633,155500,2025-11-26 23:20:00,42.0287,c,1
2025-11-25 13:42:00,MCX:SILVER25NOV155500CE,MCX:SILVER25DECFUT,2250.0000,156676,155500,2025-11-26 23:20:00,41.3218,c,1
2025-11-25 13:43:00,MCX:SILVER25NOV155500CE,MCX:SILVER25DECFUT,2250.0000,156627,155500,2025-11-26 23:20:00,42.1489,c,1
2025-11-25 13:44:00,MCX:SILVER25NOV155500CE,MCX:SILVER25DECFUT,2250.0000,156574,155500,2025-11-26 23:20:00,43.0291,c,1
2025-11-25 13:45:00,MCX:SILVER25NOV155500CE,MCX:SILVER25DECFUT,2250.0000,156724,155500,2025-11-26 23:20:00,40.5392,c,1
2025-11-25 13:46:00,MCX:SILVER25NOV155500CE,MCX:SILVER25DECFUT,2250.0000,156729,155500,2025-11-26 23:20:00,40.4637,c,1
2025-11-25 13:47:00,MCX:SILVER25NOV155500CE,MCX:SILVER25DECFUT,2250.0000,156811,155500,2025-11-26 23:20:00,39.0487,c,1
2025-11-25 13:48:00,MCX:SILVER25NOV155500CE,MCX:SILVER25DECFUT,2250.0000,156786,155500,2025-11-26 23:20:00,39.4976,c,1
2025-11-25 13:49:00,MCX:SILVER25NOV155500CE,MCX:SILVER25DECFUT,2250.0000,156778,155500,2025-11-26 23:20:00,39.6471,c,1
2025-11-25 13:50:00,MCX:SILVER25NOV155500CE,MCX:SILVER25DECFUT,2250.0000,156813,155500,2025-11-26 23:20:00,39.0425,c,1
2025-11-25 13:51:00,MCX:SILVER25NOV155500CE,MCX:SILVER25DECFUT,2250.0000,156713,155500,2025-11-26 23:20:00,40.7874,c,1
2025-11-25 13:52:00,MCX:SILVER25NOV155500CE,MCX:SILVER25DECFUT,2250.0000,156735,155500,2025-11-26 23:20:00,40.4211,c,1
2025-11-25 13:53:00,MCX:SILVER25NOV155500CE,MCX:SILVER25DECFUT,2250.0000,156665,155500,2025-11-26 23:20:00,41.6197,c,1
2025-11-25 13:54:00,MCX:SILVER25NOV155500CE,MCX:SILVER25DECFUT,2250.0000,156750,155500,2025-11-26 23:20:00,40.1827,c,1
2025-11-25 13:55:00,MCX:SILVER25NOV155500CE,MCX:SILVER25DECFUT,2250.0000,156679,155500,2025-11-26 23:20:00,41.4048,c,1
2025-11-25 13:56:00,MCX:SILVER25NOV155500CE,MCX:SILVER25DECFUT,2250.0000,156620,155500,2025-11-26 23:20:00,42.4012,c,1
2025-11-25 13:57:00,MCX:SILVER25NOV155500CE,MCX:SILVER25DECFUT,2250.0000,156650,155500,2025-11-26 23:20:00,41.9126,c,1
2025-11-25 13:58:00,MCX:SILVER25NOV155500CE,MCX:SILVER25DECFUT,2250.0000,156667,155500,2025-11-26 23:20:00,41.6380,c,1
2025-11-25 13:59:00,MCX:SILVER25NOV155500CE,MCX:SILVER25DECFUT,2250.0000,156632,155500,2025-11-26 23:20:00,42.2338,c,1
2025-11-25 14:00:00,MCX:SILVER25NOV155500CE,MCX:SILVER25DECFUT,2250.0000,156509,155500,2025-11-26 23:20:00,44.2533,c,1
2025-11-25 14:01:00,MCX:SILVER25NOV155500CE,MCX:SILVER25DECFUT,2250.0000,156507,155500,2025-11-26 23:20:00,44.2965,c,1
2025-11-25 14:02:00,MCX:SILVER25NOV155500CE,MCX:SILVER25DECFUT,2250.0000,156430,155500,2025-11-26 23:20:00,45.5303,c,1
2025-11-25 14:03:00,MCX:SILVER25NOV155500CE,MCX:SILVER25DECFUT,2250.0000,156315,155500,2025-11-26 23:20:00,47.3246,c,1
2025-11-25 14:04:00,MCX:SILVER25NOV155500CE,MCX:SILVER25DECFUT,2250.0000,156135,155500,2025-11-26 23:20:00,50.0356,c,1
2025-11-25 14:05:00,MCX:SILVER25NOV155500CE,MCX:SILVER25DECFUT,2250.0000,156027,155500,2025-11-26 23:20:00,51.6209,c,1
2025-11-25 14:06:00,MCX:SILVER25NOV155500CE,MCX:SILVER25DECFUT,2250.0000,156275,155500,2025-11-26 23:20:00,47.9694,c,1
2025-11-25 14:07:00,MCX:SILVER25NOV155500CE,MCX:SILVER25DECFUT,2250.0000,156150,155500,2025-11-26 23:20:00,49.8520,c,1
2025-11-25 14:08:00,MCX:SILVER25NOV155500CE,MCX:SILVER25DECFUT,2250.0000,156145,155500,2025-11-26 23:20:00,49.9383,c,1
2025-11-25 14:09:00,MCX:SILVER25NOV155500CE,MCX:SILVER25DECFUT,2250.0000,156204,155500,2025-11-26 23:20:00,49.0746,c,1
2025-11-25 14:10:00,MCX:SILVER25NOV155500CE,MCX:SILVER25DECFUT,2250.0000,156300,155500,2025-11-26 23:20:00,47.6370,c,1
2025-11-25 14:11:00,MCX:SILVER25NOV155500CE,MCX:SILVER25DECFUT,2250.0000,156381,155500,2025-11-26 23:20:00,46.4004,c,1
2025-11-25 14:12:00,MCX:SILVER25NOV155500CE,MCX:SILVER25DECFUT,2250.0000,156384,155500,2025-11-26 23:20:00,46.3654,c,1
2025-11-25 14:13:00,MCX:SILVER25NOV155500CE,MCX:SILVER25DECFUT,2250.0000,156251,155500,2025-11-26 23:20:00,48.4174,c,1
2025-11-25 14:14:00,MCX:SILVER25NOV155500CE,MCX:SILVER25DECFUT,2250.0000,156243,155500,2025-11-26 23:20:00,48.5504,c,1
2025-11-25 14:15:00,MCX:SILVER25NOV155500CE,MCX:SILVER25DECFUT,2250.0000,156170,155500,2025-11-26 23:20:00,49.6557,c,1
2025-11-25 14:16:00,MCX:SILVER25NOV155500CE,MCX:SILVER25DECFUT,2250.0000,156175,155500,2025-11-26 23:20:00,49.5938,c,1
2025-11-25 14:17:00,MCX:SILVER25NOV155500CE,MCX:SILVER25DECFUT,2250.0000,156218,155500,2025-11-26 23:20:00,48.9635,c,1
2025-11-25 14:18:00,MCX:SILVER25NOV155500CE,MCX:SILVER25DECFUT,2250.0000,156220,155500,2025-11-26 23:20:00,48.9458,c,1
2025-11-25 14:19:00,MCX:SILVER25NOV155500CE,MCX:SILVER25DECFUT,2250.0000,156194,155500,2025-11-26 23:20:00,49.3478,c,1
2025-11-25 14:20:00,MCX:SILVER25NOV155500CE,MCX:SILVER25DECFUT,2250.0000,156050,155500,2025-11-26 23:20:00,51.4824,c,1
2025-11-25 14:21:00,MCX:SILVER25NOV155500CE,MCX:SILVER25DECFUT,2250.0000,155909,155500,2025-11-26 23:20:00,53.5188,c,1
2025-11-25 14:22:00,MCX:SILVER25NOV155500CE,MCX:SILVER25DECFUT,2250.0000,155731,155500,2025-11-26 23:20:00,56.0192,c,1
2025-11-25 14:23:00,MCX:SILVER25NOV155500CE,MCX:SILVER25DECFUT,2250.0000,155825,155500,2025-11-26 23:20:00,54.7286,c,1
2025-11-25 14:24:00,MCX:SILVER25NOV155500CE,MCX:SILVER25DECFUT,2250.0000,155515,155500,2025-11-26 23:20:00,58.9782,c,1
2025-11-25 14:25:00,MCX:SILVER25NOV155500CE,MCX:SILVER25DECFUT,2250.0000,155550,155500,2025-11-26 23:20:00,58.5241,c,1
